issuer,period,publish_date,new_general_yi,new_special_yi,refinance_yi,total_planned_yi,url,realized_gross_yi,realized_new_general_yi,realized_new_special_yi,realized_refinance_yi,realized_swap_yi,n_bonds,first_issue,has_plan,has_issuance,realized_comparable_yi,lead_wd,on_time,amount_slippage_yi,delivery_ratio
安徽省,2009-03,,,,,,,40.0,40.0,0.0,0.0,0.0,1.0,2009-03-31,False,True,40.0,,,,
新疆维吾尔自治区,2009-03,,,,,,,30.0,30.0,0.0,0.0,0.0,1.0,2009-03-27,False,True,30.0,,,,
内蒙古自治区,2009-04,,,,,,,30.0,30.0,0.0,0.0,0.0,1.0,2009-04-29,False,True,30.0,,,,
吉林省,2009-04,,,,,,,30.0,30.0,0.0,0.0,0.0,1.0,2009-04-23,False,True,30.0,,,,
四川省,2009-04,,,,,,,90.0,90.0,0.0,0.0,0.0,1.0,2009-04-07,False,True,90.0,,,,
天津市,2009-04,,,,,,,26.0,26.0,0.0,0.0,0.0,1.0,2009-04-13,False,True,26.0,,,,
山东省,2009-04,,,,,,,30.0,30.0,0.0,0.0,0.0,1.0,2009-04-15,False,True,30.0,,,,
江苏省,2009-04,,,,,,,84.0,84.0,0.0,0.0,0.0,1.0,2009-04-17,False,True,84.0,,,,
河北省,2009-04,,,,,,,40.0,40.0,0.0,0.0,0.0,1.0,2009-04-29,False,True,40.0,,,,
河南省,2009-04,,,,,,,50.0,50.0,0.0,0.0,0.0,1.0,2009-04-03,False,True,50.0,,,,
湖北省,2009-04,,,,,,,50.0,50.0,0.0,0.0,0.0,1.0,2009-04-23,False,True,50.0,,,,
辽宁省,2009-04,,,,,,,30.0,30.0,0.0,0.0,0.0,1.0,2009-04-13,False,True,30.0,,,,
重庆市,2009-04,,,,,,,58.0,58.0,0.0,0.0,0.0,1.0,2009-04-10,False,True,58.0,,,,
陕西省,2009-04,,,,,,,36.0,36.0,0.0,0.0,0.0,1.0,2009-04-29,False,True,36.0,,,,
青岛市,2009-04,,,,,,,11.0,11.0,0.0,0.0,0.0,1.0,2009-04-23,False,True,11.0,,,,
青海省,2009-04,,,,,,,29.0,29.0,0.0,0.0,0.0,1.0,2009-04-23,False,True,29.0,,,,
上海市,2009-05,,,,,,,40.0,40.0,0.0,0.0,0.0,1.0,2009-05-22,False,True,40.0,,,,
云南省,2009-05,,,,,,,84.0,84.0,0.0,0.0,0.0,1.0,2009-05-08,False,True,84.0,,,,
北京市,2009-05,,,,,,,56.0,56.0,0.0,0.0,0.0,1.0,2009-05-22,False,True,56.0,,,,
四川省,2009-05,,,,,,,90.0,90.0,0.0,0.0,0.0,1.0,2009-05-13,False,True,90.0,,,,
大连市,2009-05,,,,,,,10.0,10.0,0.0,0.0,0.0,1.0,2009-05-13,False,True,10.0,,,,
广西壮族自治区,2009-05,,,,,,,35.0,35.0,0.0,0.0,0.0,1.0,2009-05-22,False,True,35.0,,,,
河南省,2009-05,,,,,,,38.0,38.0,0.0,0.0,0.0,1.0,2009-05-22,False,True,38.0,,,,
浙江省,2009-05,,,,,,,40.0,40.0,0.0,0.0,0.0,1.0,2009-05-08,False,True,40.0,,,,
湖北省,2009-05,,,,,,,31.0,31.0,0.0,0.0,0.0,1.0,2009-05-13,False,True,31.0,,,,
黑龙江省,2009-05,,,,,,,30.0,30.0,0.0,0.0,0.0,1.0,2009-05-08,False,True,30.0,,,,
厦门市,2009-06,,,,,,,8.0,8.0,0.0,0.0,0.0,1.0,2009-06-23,False,True,8.0,,,,
宁夏回族自治区,2009-06,,,,,,,30.0,30.0,0.0,0.0,0.0,1.0,2009-06-08,False,True,30.0,,,,
安徽省,2009-06,,,,,,,37.0,37.0,0.0,0.0,0.0,1.0,2009-06-12,False,True,37.0,,,,
山西省,2009-06,,,,,,,53.0,53.0,0.0,0.0,0.0,1.0,2009-06-26,False,True,53.0,,,,
广东省,2009-06,,,,,,,85.0,85.0,0.0,0.0,0.0,1.0,2009-06-23,False,True,85.0,,,,
江西省,2009-06,,,,,,,62.0,62.0,0.0,0.0,0.0,1.0,2009-06-12,False,True,62.0,,,,
海南省,2009-06,,,,,,,29.0,29.0,0.0,0.0,0.0,1.0,2009-06-23,False,True,29.0,,,,
湖南省,2009-06,,,,,,,82.0,82.0,0.0,0.0,0.0,1.0,2009-06-08,False,True,82.0,,,,
甘肃省,2009-06,,,,,,,65.0,65.0,0.0,0.0,0.0,1.0,2009-06-26,False,True,65.0,,,,
福建省,2009-06,,,,,,,26.0,26.0,0.0,0.0,0.0,1.0,2009-06-08,False,True,26.0,,,,
贵州省,2009-06,,,,,,,64.0,64.0,0.0,0.0,0.0,1.0,2009-06-12,False,True,64.0,,,,
宁波市,2009-07,,,,,,,15.0,15.0,0.0,0.0,0.0,1.0,2009-07-06,False,True,15.0,,,,
山东省,2009-07,,,,,,,29.0,29.0,0.0,0.0,0.0,1.0,2009-07-06,False,True,29.0,,,,
新疆维吾尔自治区,2009-07,,,,,,,25.0,25.0,0.0,0.0,0.0,1.0,2009-07-06,False,True,25.0,,,,
深圳市,2009-07,,,,,,,24.0,24.0,0.0,0.0,0.0,1.0,2009-07-06,False,True,24.0,,,,
辽宁省,2009-07,,,,,,,26.0,26.0,0.0,0.0,0.0,1.0,2009-07-06,False,True,26.0,,,,
内蒙古自治区,2009-08,,,,,,,27.0,27.0,0.0,0.0,0.0,1.0,2009-08-28,False,True,27.0,,,,
吉林省,2009-08,,,,,,,25.0,25.0,0.0,0.0,0.0,1.0,2009-08-28,False,True,25.0,,,,
广西壮族自治区,2009-08,,,,,,,30.0,30.0,0.0,0.0,0.0,1.0,2009-08-28,False,True,30.0,,,,
黑龙江省,2009-08,,,,,,,30.0,30.0,0.0,0.0,0.0,1.0,2009-08-28,False,True,30.0,,,,
上海市,2009-09,,,,,,,36.0,36.0,0.0,0.0,0.0,1.0,2009-09-04,False,True,36.0,,,,
河北省,2009-09,,,,,,,20.0,20.0,0.0,0.0,0.0,1.0,2009-09-04,False,True,20.0,,,,
浙江省,2009-09,,,,,,,27.0,27.0,0.0,0.0,0.0,1.0,2009-09-04,False,True,27.0,,,,
陕西省,2009-09,,,,,,,27.0,27.0,0.0,0.0,0.0,1.0,2009-09-04,False,True,27.0,,,,
厦门市,2010-06,,,,,,,6.0,6.0,0.0,0.0,0.0,2.0,2010-06-18,False,True,6.0,,,,
广西壮族自治区,2010-06,,,,,,,55.0,55.0,0.0,0.0,0.0,2.0,2010-06-18,False,True,55.0,,,,
新疆维吾尔自治区,2010-06,,,,,,,60.0,60.0,0.0,0.0,0.0,2.0,2010-06-18,False,True,60.0,,,,
江西省,2010-06,,,,,,,65.0,65.0,0.0,0.0,0.0,2.0,2010-06-18,False,True,65.0,,,,
湖北省,2010-06,,,,,,,26.0,26.0,0.0,0.0,0.0,1.0,2010-06-18,False,True,26.0,,,,
湖南省,2010-06,,,,,,,89.0,89.0,0.0,0.0,0.0,2.0,2010-06-18,False,True,89.0,,,,
甘肃省,2010-06,,,,,,,55.0,55.0,0.0,0.0,0.0,2.0,2010-06-18,False,True,55.0,,,,
重庆市,2010-06,,,,,,,49.0,49.0,0.0,0.0,0.0,2.0,2010-06-18,False,True,49.0,,,,
青海省,2010-06,,,,,,,33.0,33.0,0.0,0.0,0.0,2.0,2010-06-18,False,True,33.0,,,,
云南省,2010-07,,,,,,,52.0,52.0,0.0,0.0,0.0,1.0,2010-07-16,False,True,52.0,,,,
北京市,2010-07,,,,,,,37.0,37.0,0.0,0.0,0.0,1.0,2010-07-16,False,True,37.0,,,,
山东省,2010-07,,,,,,,40.0,40.0,0.0,0.0,0.0,1.0,2010-07-16,False,True,40.0,,,,
广东省,2010-07,,,,,,,48.0,48.0,0.0,0.0,0.0,1.0,2010-07-16,False,True,48.0,,,,
海南省,2010-07,,,,,,,17.0,17.0,0.0,0.0,0.0,1.0,2010-07-16,False,True,17.0,,,,
福建省,2010-07,,,,,,,33.0,33.0,0.0,0.0,0.0,1.0,2010-07-16,False,True,33.0,,,,
青岛市,2010-07,,,,,,,5.0,5.0,0.0,0.0,0.0,1.0,2010-07-16,False,True,5.0,,,,
上海市,2010-08,,,,,,,50.0,50.0,0.0,0.0,0.0,1.0,2010-08-23,False,True,50.0,,,,
云南省,2010-08,,,,,,,23.0,23.0,0.0,0.0,0.0,1.0,2010-08-09,False,True,23.0,,,,
北京市,2010-08,,,,,,,17.0,17.0,0.0,0.0,0.0,1.0,2010-08-09,False,True,17.0,,,,
吉林省,2010-08,,,,,,,63.0,63.0,0.0,0.0,0.0,2.0,2010-08-09,False,True,63.0,,,,
天津市,2010-08,,,,,,,25.0,25.0,0.0,0.0,0.0,2.0,2010-08-09,False,True,25.0,,,,
山西省,2010-08,,,,,,,51.0,51.0,0.0,0.0,0.0,2.0,2010-08-09,False,True,51.0,,,,
广东省,2010-08,,,,,,,21.0,21.0,0.0,0.0,0.0,1.0,2010-08-09,False,True,21.0,,,,
江苏省,2010-08,,,,,,,89.0,89.0,0.0,0.0,0.0,2.0,2010-08-09,False,True,89.0,,,,
河北省,2010-08,,,,,,,48.0,48.0,0.0,0.0,0.0,1.0,2010-08-23,False,True,48.0,,,,
河南省,2010-08,,,,,,,93.0,93.0,0.0,0.0,0.0,2.0,2010-08-09,False,True,93.0,,,,
海南省,2010-08,,,,,,,8.0,8.0,0.0,0.0,0.0,1.0,2010-08-09,False,True,8.0,,,,
深圳市,2010-08,,,,,,,15.0,15.0,0.0,0.0,0.0,1.0,2010-08-23,False,True,15.0,,,,
湖北省,2010-08,,,,,,,60.0,60.0,0.0,0.0,0.0,1.0,2010-08-09,False,True,60.0,,,,
福建省,2010-08,,,,,,,14.0,14.0,0.0,0.0,0.0,1.0,2010-08-09,False,True,14.0,,,,
贵州省,2010-08,,,,,,,38.0,38.0,0.0,0.0,0.0,1.0,2010-08-23,False,True,38.0,,,,
陕西省,2010-08,,,,,,,44.0,44.0,0.0,0.0,0.0,1.0,2010-08-23,False,True,44.0,,,,
青岛市,2010-08,,,,,,,6.0,6.0,0.0,0.0,0.0,1.0,2010-08-09,False,True,6.0,,,,
上海市,2010-09,,,,,,,21.0,21.0,0.0,0.0,0.0,1.0,2010-09-06,False,True,21.0,,,,
四川省,2010-09,,,,,,,180.0,180.0,0.0,0.0,0.0,2.0,2010-09-06,False,True,180.0,,,,
宁夏回族自治区,2010-09,,,,,,,26.0,26.0,0.0,0.0,0.0,2.0,2010-09-06,False,True,26.0,,,,
安徽省,2010-09,,,,,,,89.0,89.0,0.0,0.0,0.0,2.0,2010-09-06,False,True,89.0,,,,
深圳市,2010-09,,,,,,,7.0,7.0,0.0,0.0,0.0,1.0,2010-09-06,False,True,7.0,,,,
贵州省,2010-09,,,,,,,16.0,16.0,0.0,0.0,0.0,1.0,2010-09-06,False,True,16.0,,,,
陕西省,2010-09,,,,,,,19.0,19.0,0.0,0.0,0.0,1.0,2010-09-06,False,True,19.0,,,,
内蒙古自治区,2010-11,,,,,,,59.0,59.0,0.0,0.0,0.0,2.0,2010-11-12,False,True,59.0,,,,
大连市,2010-11,,,,,,,12.0,12.0,0.0,0.0,0.0,2.0,2010-11-12,False,True,12.0,,,,
宁波市,2010-11,,,,,,,13.0,13.0,0.0,0.0,0.0,2.0,2010-11-12,False,True,13.0,,,,
山东省,2010-11,,,,,,,18.0,18.0,0.0,0.0,0.0,1.0,2010-11-12,False,True,18.0,,,,
河北省,2010-11,,,,,,,21.0,21.0,0.0,0.0,0.0,1.0,2010-11-12,False,True,21.0,,,,
浙江省,2010-11,,,,,,,67.0,67.0,0.0,0.0,0.0,2.0,2010-11-12,False,True,67.0,,,,
辽宁省,2010-11,,,,,,,48.0,48.0,0.0,0.0,0.0,2.0,2010-11-12,False,True,48.0,,,,
黑龙江省,2010-11,,,,,,,69.0,69.0,0.0,0.0,0.0,2.0,2010-11-12,False,True,69.0,,,,
云南省,2011-07,,,,,,,68.4,68.4,0.0,0.0,0.0,2.0,2011-07-11,False,True,68.4,,,,
厦门市,2011-07,,,,,,,8.0,8.0,0.0,0.0,0.0,2.0,2011-07-11,False,True,8.0,,,,
山东省,2011-07,,,,,,,62.0,62.0,0.0,0.0,0.0,2.0,2011-07-11,False,True,62.0,,,,
山西省,2011-07,,,,,,,51.0,51.0,0.0,0.0,0.0,2.0,2011-07-11,False,True,51.0,,,,
新疆维吾尔自治区,2011-07,,,,,,,60.0,60.0,0.0,0.0,0.0,2.0,2011-07-11,False,True,60.0,,,,
海南省,2011-07,,,,,,,29.0,29.0,0.0,0.0,0.0,2.0,2011-07-11,False,True,29.0,,,,
福建省,2011-07,,,,,,,47.0,47.0,0.0,0.0,0.0,2.0,2011-07-11,False,True,47.0,,,,
重庆市,2011-07,,,,,,,50.0,50.0,0.0,0.0,0.0,2.0,2011-07-11,False,True,50.0,,,,
陕西省,2011-07,,,,,,,68.0,68.0,0.0,0.0,0.0,2.0,2011-07-11,False,True,68.0,,,,
青岛市,2011-07,,,,,,,11.0,11.0,0.0,0.0,0.0,2.0,2011-07-11,False,True,11.0,,,,
青海省,2011-07,,,,,,,39.0,39.0,0.0,0.0,0.0,2.0,2011-07-11,False,True,39.0,,,,
云南省,2011-08,,,,,,,10.6,10.6,0.0,0.0,0.0,1.0,2011-08-01,False,True,10.6,,,,
四川省,2011-08,,,,,,,135.0,135.0,0.0,0.0,0.0,2.0,2011-08-22,False,True,135.0,,,,
天津市,2011-08,,,,,,,25.0,25.0,0.0,0.0,0.0,2.0,2011-08-22,False,True,25.0,,,,
宁波市,2011-08,,,,,,,13.0,13.0,0.0,0.0,0.0,2.0,2011-08-01,False,True,13.0,,,,
安徽省,2011-08,,,,,,,90.0,90.0,0.0,0.0,0.0,2.0,2011-08-01,False,True,90.0,,,,
广西壮族自治区,2011-08,,,,,,,60.0,60.0,0.0,0.0,0.0,2.0,2011-08-22,False,True,60.0,,,,
江苏省,2011-08,,,,,,,89.0,89.0,0.0,0.0,0.0,2.0,2011-08-01,False,True,89.0,,,,
江西省,2011-08,,,,,,,70.0,70.0,0.0,0.0,0.0,2.0,2011-08-22,False,True,70.0,,,,
河北省,2011-08,,,,,,,73.0,73.0,0.0,0.0,0.0,2.0,2011-08-22,False,True,73.0,,,,
湖北省,2011-08,,,,,,,86.0,86.0,0.0,0.0,0.0,2.0,2011-08-01,False,True,86.0,,,,
湖南省,2011-08,,,,,,,89.0,89.0,0.0,0.0,0.0,2.0,2011-08-01,False,True,89.0,,,,
甘肃省,2011-08,,,,,,,59.0,59.0,0.0,0.0,0.0,2.0,2011-08-22,False,True,59.0,,,,
贵州省,2011-08,,,,,,,54.0,54.0,0.0,0.0,0.0,2.0,2011-08-22,False,True,54.0,,,,
黑龙江省,2011-08,,,,,,,69.0,69.0,0.0,0.0,0.0,2.0,2011-08-01,False,True,69.0,,,,
内蒙古自治区,2011-10,,,,,,,59.0,59.0,0.0,0.0,0.0,2.0,2011-10-17,False,True,59.0,,,,
北京市,2011-10,,,,,,,54.0,54.0,0.0,0.0,0.0,2.0,2011-10-17,False,True,54.0,,,,
吉林省,2011-10,,,,,,,63.0,63.0,0.0,0.0,0.0,2.0,2011-10-17,False,True,63.0,,,,
大连市,2011-10,,,,,,,12.0,12.0,0.0,0.0,0.0,2.0,2011-10-17,False,True,12.0,,,,
宁夏回族自治区,2011-10,,,,,,,26.0,26.0,0.0,0.0,0.0,2.0,2011-10-17,False,True,26.0,,,,
河南省,2011-10,,,,,,,93.0,93.0,0.0,0.0,0.0,2.0,2011-10-17,False,True,93.0,,,,
辽宁省,2011-10,,,,,,,48.0,48.0,0.0,0.0,0.0,2.0,2011-10-17,False,True,48.0,,,,
上海市,2011-11,,,,,,,71.0,71.0,0.0,0.0,0.0,2.0,2011-11-15,False,True,71.0,,,,
广东省,2011-11,,,,,,,69.0,69.0,0.0,0.0,0.0,2.0,2011-11-18,False,True,69.0,,,,
浙江省,2011-11,,,,,,,67.0,67.0,0.0,0.0,0.0,2.0,2011-11-21,False,True,67.0,,,,
深圳市,2011-11,,,,,,,22.0,22.0,0.0,0.0,0.0,2.0,2011-11-25,False,True,22.0,,,,
广西壮族自治区,2012-06,,,,,,,71.0,71.0,0.0,0.0,0.0,2.0,2012-06-15,False,True,71.0,,,,
新疆维吾尔自治区,2012-06,,,,,,,72.0,72.0,0.0,0.0,0.0,2.0,2012-06-15,False,True,72.0,,,,
海南省,2012-06,,,,,,,40.0,40.0,0.0,0.0,0.0,2.0,2012-06-15,False,True,40.0,,,,
甘肃省,2012-06,,,,,,,70.0,70.0,0.0,0.0,0.0,2.0,2012-06-15,False,True,70.0,,,,
重庆市,2012-06,,,,,,,63.0,63.0,0.0,0.0,0.0,2.0,2012-06-15,False,True,63.0,,,,
陕西省,2012-06,,,,,,,85.0,85.0,0.0,0.0,0.0,2.0,2012-06-15,False,True,85.0,,,,
青岛市,2012-06,,,,,,,15.0,15.0,0.0,0.0,0.0,2.0,2012-06-15,False,True,15.0,,,,
云南省,2012-07,,,,,,,98.0,98.0,0.0,0.0,0.0,2.0,2012-07-23,False,True,98.0,,,,
北京市,2012-07,,,,,,,68.0,68.0,0.0,0.0,0.0,2.0,2012-07-09,False,True,68.0,,,,
四川省,2012-07,,,,,,,135.0,135.0,0.0,0.0,0.0,2.0,2012-07-23,False,True,135.0,,,,
宁夏回族自治区,2012-07,,,,,,,33.0,33.0,0.0,0.0,0.0,2.0,2012-07-09,False,True,33.0,,,,
宁波市,2012-07,,,,,,,17.0,17.0,0.0,0.0,0.0,2.0,2012-07-23,False,True,17.0,,,,
安徽省,2012-07,,,,,,,111.0,111.0,0.0,0.0,0.0,2.0,2012-07-23,False,True,111.0,,,,
山西省,2012-07,,,,,,,65.0,65.0,0.0,0.0,0.0,2.0,2012-07-09,False,True,65.0,,,,
新疆维吾尔自治区,2012-07,,,,,,,82.0,82.0,0.0,0.0,0.0,2.0,2012-07-09,False,True,82.0,,,,
江苏省,2012-07,,,,,,,110.0,110.0,0.0,0.0,0.0,2.0,2012-07-09,False,True,110.0,,,,
湖北省,2012-07,,,,,,,103.0,103.0,0.0,0.0,0.0,2.0,2012-07-23,False,True,103.0,,,,
福建省,2012-07,,,,,,,60.0,60.0,0.0,0.0,0.0,2.0,2012-07-09,False,True,60.0,,,,
青海省,2012-07,,,,,,,60.0,60.0,0.0,0.0,0.0,2.0,2012-07-09,False,True,60.0,,,,
上海市,2012-08,,,,,,,89.0,89.0,0.0,0.0,0.0,2.0,2012-08-23,False,True,89.0,,,,
厦门市,2012-08,,,,,,,10.0,10.0,0.0,0.0,0.0,2.0,2012-08-10,False,True,10.0,,,,
天津市,2012-08,,,,,,,31.0,31.0,0.0,0.0,0.0,2.0,2012-08-10,False,True,31.0,,,,
山东省,2012-08,,,,,,,79.0,79.0,0.0,0.0,0.0,2.0,2012-08-10,False,True,79.0,,,,
江西省,2012-08,,,,,,,91.0,91.0,0.0,0.0,0.0,2.0,2012-08-10,False,True,91.0,,,,
河南省,2012-08,,,,,,,111.0,111.0,0.0,0.0,0.0,2.0,2012-08-10,False,True,111.0,,,,
湖南省,2012-08,,,,,,,115.0,115.0,0.0,0.0,0.0,2.0,2012-08-10,False,True,115.0,,,,
内蒙古自治区,2012-09,,,,,,,85.0,85.0,0.0,0.0,0.0,2.0,2012-09-14,False,True,85.0,,,,
吉林省,2012-09,,,,,,,81.0,81.0,0.0,0.0,0.0,2.0,2012-09-14,False,True,81.0,,,,
大连市,2012-09,,,,,,,15.0,15.0,0.0,0.0,0.0,2.0,2012-09-14,False,True,15.0,,,,
广东省,2012-09,,,,,,,86.0,86.0,0.0,0.0,0.0,2.0,2012-09-06,False,True,86.0,,,,
河北省,2012-09,,,,,,,92.0,92.0,0.0,0.0,0.0,2.0,2012-09-14,False,True,92.0,,,,
浙江省,2012-09,,,,,,,87.0,87.0,0.0,0.0,0.0,2.0,2012-09-21,False,True,87.0,,,,
西藏自治区,2012-09,,,,,,,10.0,10.0,0.0,0.0,0.0,2.0,2012-09-14,False,True,10.0,,,,
贵州省,2012-09,,,,,,,73.0,73.0,0.0,0.0,0.0,2.0,2012-09-14,False,True,73.0,,,,
辽宁省,2012-09,,,,,,,60.0,60.0,0.0,0.0,0.0,2.0,2012-09-14,False,True,60.0,,,,
深圳市,2012-10,,,,,,,27.0,27.0,0.0,0.0,0.0,2.0,2012-10-12,False,True,27.0,,,,
四川省,2013-06,,,,,,,100.0,100.0,0.0,0.0,0.0,1.0,2013-06-28,False,True,100.0,,,,
安徽省,2013-06,,,,,,,152.0,152.0,0.0,0.0,0.0,2.0,2013-06-14,False,True,152.0,,,,
新疆维吾尔自治区,2013-06,,,,,,,95.0,95.0,0.0,0.0,0.0,2.0,2013-06-14,False,True,95.0,,,,
海南省,2013-06,,,,,,,30.0,30.0,0.0,0.0,0.0,1.0,2013-06-28,False,True,30.0,,,,
湖北省,2013-06,,,,,,,68.0,68.0,0.0,0.0,0.0,1.0,2013-06-28,False,True,68.0,,,,
甘肃省,2013-06,,,,,,,92.0,92.0,0.0,0.0,0.0,2.0,2013-06-14,False,True,92.0,,,,
福建省,2013-06,,,,,,,83.0,83.0,0.0,0.0,0.0,2.0,2013-06-14,False,True,83.0,,,,
重庆市,2013-06,,,,,,,44.0,44.0,0.0,0.0,0.0,1.0,2013-06-28,False,True,44.0,,,,
厦门市,2013-07,,,,,,,7.0,7.0,0.0,0.0,0.0,1.0,2013-07-26,False,True,7.0,,,,
四川省,2013-07,,,,,,,100.0,100.0,0.0,0.0,0.0,1.0,2013-07-12,False,True,100.0,,,,
广西壮族自治区,2013-07,,,,,,,47.0,47.0,0.0,0.0,0.0,1.0,2013-07-26,False,True,47.0,,,,
海南省,2013-07,,,,,,,30.0,30.0,0.0,0.0,0.0,1.0,2013-07-12,False,True,30.0,,,,
湖北省,2013-07,,,,,,,69.0,69.0,0.0,0.0,0.0,1.0,2013-07-12,False,True,69.0,,,,
湖南省,2013-07,,,,,,,77.0,77.0,0.0,0.0,0.0,1.0,2013-07-26,False,True,77.0,,,,
西藏自治区,2013-07,,,,,,,6.0,6.0,0.0,0.0,0.0,1.0,2013-07-26,False,True,6.0,,,,
重庆市,2013-07,,,,,,,44.0,44.0,0.0,0.0,0.0,1.0,2013-07-12,False,True,44.0,,,,
青海省,2013-07,,,,,,,43.0,43.0,0.0,0.0,0.0,1.0,2013-07-26,False,True,43.0,,,,
黑龙江省,2013-07,,,,,,,56.0,56.0,0.0,0.0,0.0,1.0,2013-07-26,False,True,56.0,,,,
云南省,2013-08,,,,,,,193.0,193.0,0.0,0.0,0.0,2.0,2013-08-19,False,True,193.0,,,,
厦门市,2013-08,,,,,,,7.0,7.0,0.0,0.0,0.0,1.0,2013-08-02,False,True,7.0,,,,
天津市,2013-08,,,,,,,45.0,45.0,0.0,0.0,0.0,2.0,2013-08-19,False,True,45.0,,,,
山东省,2013-08,,,,,,,112.0,112.0,0.0,0.0,0.0,2.0,2013-08-23,False,True,112.0,,,,
广西壮族自治区,2013-08,,,,,,,48.0,48.0,0.0,0.0,0.0,1.0,2013-08-02,False,True,48.0,,,,
河南省,2013-08,,,,,,,150.0,150.0,0.0,0.0,0.0,2.0,2013-08-19,False,True,150.0,,,,
湖南省,2013-08,,,,,,,77.0,77.0,0.0,0.0,0.0,1.0,2013-08-02,False,True,77.0,,,,
西藏自治区,2013-08,,,,,,,7.0,7.0,0.0,0.0,0.0,1.0,2013-08-02,False,True,7.0,,,,
陕西省,2013-08,,,,,,,120.0,120.0,0.0,0.0,0.0,2.0,2013-08-19,False,True,120.0,,,,
青海省,2013-08,,,,,,,43.0,43.0,0.0,0.0,0.0,1.0,2013-08-02,False,True,43.0,,,,
黑龙江省,2013-08,,,,,,,56.0,56.0,0.0,0.0,0.0,1.0,2013-08-02,False,True,56.0,,,,
上海市,2013-09,,,,,,,112.0,112.0,0.0,0.0,0.0,2.0,2013-09-06,False,True,112.0,,,,
内蒙古自治区,2013-09,,,,,,,111.0,111.0,0.0,0.0,0.0,2.0,2013-09-02,False,True,111.0,,,,
北京市,2013-09,,,,,,,93.0,93.0,0.0,0.0,0.0,2.0,2013-09-02,False,True,93.0,,,,
山西省,2013-09,,,,,,,91.0,91.0,0.0,0.0,0.0,2.0,2013-09-02,False,True,91.0,,,,
广东省,2013-09,,,,,,,121.0,121.0,0.0,0.0,0.0,2.0,2013-09-16,False,True,121.0,,,,
江西省,2013-09,,,,,,,127.0,127.0,0.0,0.0,0.0,2.0,2013-09-02,False,True,127.0,,,,
贵州省,2013-09,,,,,,,100.0,100.0,0.0,0.0,0.0,2.0,2013-09-02,False,True,100.0,,,,
吉林省,2013-10,,,,,,,108.0,108.0,0.0,0.0,0.0,2.0,2013-10-14,False,True,108.0,,,,
大连市,2013-10,,,,,,,21.0,21.0,0.0,0.0,0.0,2.0,2013-10-14,False,True,21.0,,,,
宁夏回族自治区,2013-10,,,,,,,49.0,49.0,0.0,0.0,0.0,2.0,2013-10-14,False,True,49.0,,,,
宁波市,2013-10,,,,,,,25.0,25.0,0.0,0.0,0.0,2.0,2013-10-14,False,True,25.0,,,,
江苏省,2013-10,,,,,,,153.0,153.0,0.0,0.0,0.0,2.0,2013-10-10,False,True,153.0,,,,
河北省,2013-10,,,,,,,129.0,129.0,0.0,0.0,0.0,2.0,2013-10-14,False,True,129.0,,,,
浙江省,2013-10,,,,,,,118.0,118.0,0.0,0.0,0.0,2.0,2013-10-25,False,True,118.0,,,,
辽宁省,2013-10,,,,,,,84.0,84.0,0.0,0.0,0.0,2.0,2013-10-14,False,True,84.0,,,,
青岛市,2013-10,,,,,,,21.0,21.0,0.0,0.0,0.0,2.0,2013-10-14,False,True,21.0,,,,
深圳市,2013-11,,,,,,,36.0,36.0,0.0,0.0,0.0,2.0,2013-11-08,False,True,36.0,,,,
四川省,2014-06,,,,,,,200.0,200.0,0.0,0.0,0.0,3.0,2014-06-13,False,True,200.0,,,,
山西省,2014-06,,,,,,,84.0,84.0,0.0,0.0,0.0,2.0,2014-06-27,False,True,84.0,,,,
广东省,2014-06,,,,,,,148.0,148.0,0.0,0.0,0.0,3.0,2014-06-23,False,True,148.0,,,,
广西壮族自治区,2014-06,,,,,,,108.0,108.0,0.0,0.0,0.0,3.0,2014-06-13,False,True,108.0,,,,
新疆维吾尔自治区,2014-06,,,,,,,110.0,110.0,0.0,0.0,0.0,3.0,2014-06-13,False,True,110.0,,,,
河北省,2014-06,,,,,,,118.0,118.0,0.0,0.0,0.0,2.0,2014-06-27,False,True,118.0,,,,
湖北省,2014-06,,,,,,,154.0,154.0,0.0,0.0,0.0,3.0,2014-06-20,False,True,154.0,,,,
甘肃省,2014-06,,,,,,,113.0,113.0,0.0,0.0,0.0,3.0,2014-06-13,False,True,113.0,,,,
福建省,2014-06,,,,,,,116.0,116.0,0.0,0.0,0.0,3.0,2014-06-13,False,True,116.0,,,,
陕西省,2014-06,,,,,,,110.0,110.0,0.0,0.0,0.0,2.0,2014-06-27,False,True,110.0,,,,
青海省,2014-06,,,,,,,107.0,107.0,0.0,0.0,0.0,3.0,2014-06-20,False,True,107.0,,,,
云南省,2014-07,,,,,,,39.0,39.0,0.0,0.0,0.0,1.0,2014-07-18,False,True,39.0,,,,
山东省,2014-07,,,,,,,137.0,137.0,0.0,0.0,0.0,3.0,2014-07-11,False,True,137.0,,,,
山西省,2014-07,,,,,,,21.0,21.0,0.0,0.0,0.0,1.0,2014-07-18,False,True,21.0,,,,
江苏省,2014-07,,,,,,,174.0,174.0,0.0,0.0,0.0,3.0,2014-07-24,False,True,174.0,,,,
河北省,2014-07,,,,,,,30.0,30.0,0.0,0.0,0.0,1.0,2014-07-18,False,True,30.0,,,,
河南省,2014-07,,,,,,,176.0,176.0,0.0,0.0,0.0,3.0,2014-07-14,False,True,176.0,,,,
湖南省,2014-07,,,,,,,148.0,148.0,0.0,0.0,0.0,2.0,2014-07-14,False,True,148.0,,,,
重庆市,2014-07,,,,,,,99.0,99.0,0.0,0.0,0.0,3.0,2014-07-14,False,True,99.0,,,,
陕西省,2014-07,,,,,,,27.0,27.0,0.0,0.0,0.0,1.0,2014-07-18,False,True,27.0,,,,
黑龙江省,2014-07,,,,,,,126.0,126.0,0.0,0.0,0.0,3.0,2014-07-14,False,True,126.0,,,,
云南省,2014-08,,,,,,,154.0,154.0,0.0,0.0,0.0,2.0,2014-08-15,False,True,154.0,,,,
北京市,2014-08,,,,,,,105.0,105.0,0.0,0.0,0.0,3.0,2014-08-21,False,True,105.0,,,,
厦门市,2014-08,,,,,,,12.0,12.0,0.0,0.0,0.0,2.0,2014-08-15,False,True,12.0,,,,
宁夏回族自治区,2014-08,,,,,,,55.0,55.0,0.0,0.0,0.0,3.0,2014-08-11,False,True,55.0,,,,
安徽省,2014-08,,,,,,,138.0,138.0,0.0,0.0,0.0,2.0,2014-08-15,False,True,138.0,,,,
广西壮族自治区,2014-08,,,,,,,3.0,3.0,0.0,0.0,0.0,1.0,2014-08-15,False,True,3.0,,,,
江西省,2014-08,,,,,,,143.0,143.0,0.0,0.0,0.0,3.0,2014-08-05,False,True,143.0,,,,
浙江省,2014-08,,,,,,,137.0,137.0,0.0,0.0,0.0,3.0,2014-08-19,False,True,137.0,,,,
湖北省,2014-08,,,,,,,2.0,2.0,0.0,0.0,0.0,1.0,2014-08-15,False,True,2.0,,,,
西藏自治区,2014-08,,,,,,,10.0,10.0,0.0,0.0,0.0,2.0,2014-08-15,False,True,10.0,,,,
贵州省,2014-08,,,,,,,90.0,90.0,0.0,0.0,0.0,2.0,2014-08-15,False,True,90.0,,,,
辽宁省,2014-08,,,,,,,80.0,80.0,0.0,0.0,0.0,2.0,2014-08-15,False,True,80.0,,,,
青岛市,2014-08,,,,,,,25.0,25.0,0.0,0.0,0.0,3.0,2014-08-18,False,True,25.0,,,,
上海市,2014-09,,,,,,,126.0,126.0,0.0,0.0,0.0,3.0,2014-09-11,False,True,126.0,,,,
内蒙古自治区,2014-09,,,,,,,125.0,125.0,0.0,0.0,0.0,3.0,2014-09-15,False,True,125.0,,,,
厦门市,2014-09,,,,,,,4.0,4.0,0.0,0.0,0.0,1.0,2014-09-24,False,True,4.0,,,,
吉林省,2014-09,,,,,,,121.0,121.0,0.0,0.0,0.0,3.0,2014-09-15,False,True,121.0,,,,
大连市,2014-09,,,,,,,24.0,24.0,0.0,0.0,0.0,3.0,2014-09-15,False,True,24.0,,,,
天津市,2014-09,,,,,,,52.0,52.0,0.0,0.0,0.0,3.0,2014-09-15,False,True,52.0,,,,
宁波市,2014-09,,,,,,,28.0,28.0,0.0,0.0,0.0,3.0,2014-09-15,False,True,28.0,,,,
安徽省,2014-09,,,,,,,35.0,35.0,0.0,0.0,0.0,1.0,2014-09-24,False,True,35.0,,,,
海南省,2014-09,,,,,,,60.0,60.0,0.0,0.0,0.0,3.0,2014-09-15,False,True,60.0,,,,
湖南省,2014-09,,,,,,,38.0,38.0,0.0,0.0,0.0,1.0,2014-09-24,False,True,38.0,,,,
西藏自治区,2014-09,,,,,,,3.0,3.0,0.0,0.0,0.0,1.0,2014-09-24,False,True,3.0,,,,
贵州省,2014-09,,,,,,,22.0,22.0,0.0,0.0,0.0,1.0,2014-09-24,False,True,22.0,,,,
辽宁省,2014-09,,,,,,,21.0,21.0,0.0,0.0,0.0,1.0,2014-09-24,False,True,21.0,,,,
深圳市,2014-10,,,,,,,42.0,42.0,0.0,0.0,0.0,3.0,2014-10-23,False,True,42.0,,,,
山东省,2015-05,,,,,,,252.0,108.5,0.0,0.0,143.5,3.0,2015-05-29,False,True,108.5,,,,
广西壮族自治区,2015-05,,,,,,,200.0,89.0,0.0,0.0,111.0,4.0,2015-05-28,False,True,89.0,,,,
新疆维吾尔自治区,2015-05,,,,,,,59.0,0.0,0.0,0.0,59.0,4.0,2015-05-21,False,True,0.0,,,,
江苏省,2015-05,,,,,,,522.0,214.0,0.0,0.0,308.0,4.0,2015-05-18,False,True,214.0,,,,
湖北省,2015-05,,,,,,,200.0,0.0,0.0,0.0,200.0,4.0,2015-05-27,False,True,0.0,,,,
云南省,2015-06,,,,,,,286.0,109.0,0.0,0.0,177.0,4.0,2015-06-19,False,True,109.0,,,,
吉林省,2015-06,,,,,,,229.0,110.0,0.0,0.0,119.0,4.0,2015-06-11,False,True,110.0,,,,
四川省,2015-06,,,,,,,450.0,136.0,0.0,0.0,314.0,4.0,2015-06-16,False,True,136.0,,,,
天津市,2015-06,,,,,,,132.0,64.0,0.0,0.0,68.0,4.0,2015-06-08,False,True,64.0,,,,
宁夏回族自治区,2015-06,,,,,,,70.0,50.0,0.0,0.0,20.0,4.0,2015-06-15,False,True,50.0,,,,
安徽省,2015-06,,,,,,,312.0,120.0,0.0,0.0,192.0,4.0,2015-06-05,False,True,120.0,,,,
山东省,2015-06,,,,,,,479.96,0.0,0.0,0.0,479.96,12.0,2015-06-26,False,True,0.0,,,,
山西省,2015-06,,,,,,,167.0,109.0,0.0,0.0,58.0,4.0,2015-06-12,False,True,109.0,,,,
广东省,2015-06,,,,,,,310.0,177.0,0.0,0.0,133.0,4.0,2015-06-12,False,True,177.0,,,,
广西壮族自治区,2015-06,,,,,,,62.73,0.0,0.0,0.0,62.73,4.0,2015-06-18,False,True,0.0,,,,
新疆维吾尔自治区,2015-06,,,,,,,251.0,113.0,0.0,0.0,138.0,4.0,2015-06-16,False,True,113.0,,,,
江苏省,2015-06,,,,,,,533.02,0.0,31.0,0.0,502.02,11.0,2015-06-01,False,True,31.0,,,,
江西省,2015-06,,,,,,,417.0,137.0,0.0,0.0,280.0,4.0,2015-06-15,False,True,137.0,,,,
河北省,2015-06,,,,,,,613.98,114.0,16.0,0.0,483.98,14.0,2015-06-02,False,True,130.0,,,,
河南省,2015-06,,,,,,,424.0,150.01,0.0,0.0,273.99,4.0,2015-06-18,False,True,150.01,,,,
浙江省,2015-06,,,,,,,400.0,0.0,0.0,0.0,400.0,4.0,2015-06-09,False,True,0.0,,,,
海南省,2015-06,,,,,,,81.0,55.0,0.0,0.0,26.0,4.0,2015-06-23,False,True,55.0,,,,
湖北省,2015-06,,,,,,,953.01,164.0,0.0,0.0,789.01,12.0,2015-06-09,False,True,164.0,,,,
贵州省,2015-06,,,,,,,336.0,49.0,0.0,0.0,287.0,4.0,2015-06-04,False,True,49.0,,,,
辽宁省,2015-06,,,,,,,364.0,74.0,0.0,0.0,290.0,4.0,2015-06-19,False,True,74.0,,,,
重庆市,2015-06,,,,,,,265.0,3.17,0.0,0.0,261.83,4.0,2015-06-02,False,True,3.17,,,,
陕西省,2015-06,,,,,,,177.0,110.0,0.0,0.0,67.0,4.0,2015-06-29,False,True,110.0,,,,
青岛市,2015-06,,,,,,,28.0,28.0,0.0,0.0,0.0,4.0,2015-06-23,False,True,28.0,,,,
上海市,2015-07,,,,,,,161.2,0.0,0.0,0.0,161.2,6.0,2015-07-30,False,True,0.0,,,,
云南省,2015-07,,,,,,,172.0,0.0,15.0,0.0,157.0,12.0,2015-07-27,False,True,15.0,,,,
内蒙古自治区,2015-07,,,,,,,294.0,100.0,0.0,0.0,194.0,4.0,2015-07-03,False,True,100.0,,,,
北京市,2015-07,,,,,,,517.0,92.0,0.0,0.0,425.0,11.0,2015-07-07,False,True,92.0,,,,
吉林省,2015-07,,,,,,,71.57,0.0,0.0,0.0,71.57,6.0,2015-07-31,False,True,0.0,,,,
四川省,2015-07,,,,,,,500.0,0.0,0.0,0.0,500.0,4.0,2015-07-07,False,True,0.0,,,,
大连市,2015-07,,,,,,,135.57,0.0,0.0,0.0,135.57,16.0,2015-07-02,False,True,0.0,,,,
天津市,2015-07,,,,,,,112.0,0.0,0.0,0.0,112.0,7.0,2015-07-31,False,True,0.0,,,,
宁夏回族自治区,2015-07,,,,,,,13.8,0.0,0.0,0.0,13.8,6.0,2015-07-09,False,True,0.0,,,,
宁波市,2015-07,,,,,,,406.75,24.0,3.0,0.0,379.75,16.0,2015-07-10,False,True,27.0,,,,
安徽省,2015-07,,,,,,,100.77,0.0,0.0,0.0,100.77,9.0,2015-07-23,False,True,0.0,,,,
山东省,2015-07,,,,,,,180.06,0.0,23.0,0.0,157.06,3.0,2015-07-24,False,True,23.0,,,,
广东省,2015-07,,,,,,,314.0,0.0,26.0,0.0,288.0,7.0,2015-07-13,False,True,26.0,,,,
广西壮族自治区,2015-07,,,,,,,297.28,0.0,13.0,0.0,284.28,6.0,2015-07-17,False,True,13.0,,,,
新疆维吾尔自治区,2015-07,,,,,,,91.0,0.0,16.0,0.0,75.0,11.0,2015-07-06,False,True,16.0,,,,
江西省,2015-07,,,,,,,76.64,0.0,0.0,0.0,76.64,4.0,2015-07-13,False,True,0.0,,,,
湖北省,2015-07,,,,,,,234.0,0.0,23.0,0.0,211.0,8.0,2015-07-17,False,True,23.0,,,,
湖南省,2015-07,,,,,,,422.0,117.92,0.0,0.0,304.08,4.0,2015-07-16,False,True,117.92,,,,
甘肃省,2015-07,,,,,,,200.0,100.0,0.0,0.0,100.0,4.0,2015-07-09,False,True,100.0,,,,
福建省,2015-07,,,,,,,367.0,116.0,16.0,0.0,235.0,10.0,2015-07-14,False,True,132.0,,,,
贵州省,2015-07,,,,,,,400.0,0.0,0.0,0.0,400.0,4.0,2015-07-03,False,True,0.0,,,,
重庆市,2015-07,,,,,,,142.71,0.0,0.0,0.0,142.71,4.0,2015-07-14,False,True,0.0,,,,
青海省,2015-07,,,,,,,153.0,94.0,0.0,0.0,59.0,4.0,2015-07-10,False,True,94.0,,,,
黑龙江省,2015-07,,,,,,,243.02,82.0,11.01,0.0,150.01,15.0,2015-07-20,False,True,93.01,,,,
上海市,2015-08,,,,,,,480.8,131.0,19.0,0.0,330.8,6.0,2015-08-06,False,True,150.0,,,,
内蒙古自治区,2015-08,,,,,,,25.26,0.0,0.0,0.0,25.26,6.0,2015-08-27,False,True,0.0,,,,
北京市,2015-08,,,,,,,91.0,0.0,13.0,0.0,78.0,4.0,2015-08-25,False,True,13.0,,,,
厦门市,2015-08,,,,,,,59.32,16.0,3.0,0.0,40.32,12.0,2015-08-21,False,True,19.0,,,,
四川省,2015-08,,,,,,,47.58,0.0,0.0,0.0,47.58,3.0,2015-08-12,False,True,0.0,,,,
天津市,2015-08,,,,,,,209.0,15.0,14.0,0.0,180.0,13.0,2015-08-18,False,True,29.0,,,,
安徽省,2015-08,,,,,,,351.24,0.0,0.0,0.0,351.24,7.0,2015-08-20,False,True,0.0,,,,
山西省,2015-08,,,,,,,28.99,0.0,0.0,0.0,28.99,6.0,2015-08-27,False,True,0.0,,,,
广东省,2015-08,,,,,,,184.24,0.0,0.0,0.0,184.24,7.0,2015-08-11,False,True,0.0,,,,
新疆维吾尔自治区,2015-08,,,,,,,49.0,37.0,12.0,0.0,0.0,8.0,2015-08-06,False,True,49.0,,,,
江苏省,2015-08,,,,,,,78.04,0.0,0.0,0.0,78.04,8.0,2015-08-04,False,True,0.0,,,,
河北省,2015-08,,,,,,,241.83,0.0,0.0,0.0,241.83,7.0,2015-08-26,False,True,0.0,,,,
河南省,2015-08,,,,,,,412.0,0.0,0.0,0.0,412.0,8.0,2015-08-31,False,True,0.0,,,,
浙江省,2015-08,,,,,,,566.33,0.0,0.0,0.0,566.33,8.0,2015-08-17,False,True,0.0,,,,
海南省,2015-08,,,,,,,54.8,0.0,0.0,0.0,54.8,7.0,2015-08-19,False,True,0.0,,,,
湖南省,2015-08,,,,,,,123.22,0.0,0.0,0.0,123.22,4.0,2015-08-28,False,True,0.0,,,,
甘肃省,2015-08,,,,,,,176.0,0.0,14.0,0.0,162.0,14.0,2015-08-17,False,True,14.0,,,,
福建省,2015-08,,,,,,,36.32,0.0,0.0,0.0,36.32,6.0,2015-08-25,False,True,0.0,,,,
贵州省,2015-08,,,,,,,60.39,0.0,0.0,0.0,60.39,3.0,2015-08-13,False,True,0.0,,,,
辽宁省,2015-08,,,,,,,299.5,0.0,9.5,0.0,290.0,14.0,2015-08-07,False,True,9.5,,,,
重庆市,2015-08,,,,,,,416.29,133.83,25.0,0.0,257.46,6.0,2015-08-04,False,True,158.83,,,,
陕西省,2015-08,,,,,,,514.98,71.0,39.0,0.0,404.99,20.0,2015-08-10,False,True,110.0,,,,
青岛市,2015-08,,,,,,,150.99,8.0,7.0,0.0,135.99,14.0,2015-08-14,False,True,15.0,,,,
青海省,2015-08,,,,,,,146.0,33.0,24.0,0.0,89.0,12.0,2015-08-24,False,True,57.0,,,,
云南省,2015-09,,,,,,,398.0,64.0,0.0,0.0,334.0,16.0,2015-09-21,False,True,64.0,,,,
内蒙古自治区,2015-09,,,,,,,536.15,0.0,14.0,0.0,522.15,8.0,2015-09-08,False,True,14.0,,,,
吉林省,2015-09,,,,,,,69.18,0.0,0.0,0.0,69.18,6.0,2015-09-11,False,True,0.0,,,,
宁夏回族自治区,2015-09,,,,,,,35.73,0.0,0.0,0.0,35.73,4.0,2015-09-08,False,True,0.0,,,,
安徽省,2015-09,,,,,,,60.32,0.0,0.0,0.0,60.32,6.0,2015-09-25,False,True,0.0,,,,
山东省,2015-09,,,,,,,946.0,45.0,15.0,0.0,886.0,16.0,2015-09-14,False,True,60.0,,,,
广东省,2015-09,,,,,,,229.09,0.0,0.0,0.0,229.09,7.0,2015-09-09,False,True,0.0,,,,
广西壮族自治区,2015-09,,,,,,,362.0,57.0,19.0,0.0,286.0,10.0,2015-09-15,False,True,76.0,,,,
新疆维吾尔自治区,2015-09,,,,,,,243.0,0.0,0.0,0.0,243.0,8.0,2015-09-15,False,True,0.0,,,,
江苏省,2015-09,,,,,,,797.97,50.0,16.0,0.0,731.97,8.0,2015-09-10,False,True,66.0,,,,
河北省,2015-09,,,,,,,564.19,79.0,26.0,0.0,459.19,6.0,2015-09-17,False,True,105.0,,,,
浙江省,2015-09,,,,,,,450.0,183.0,39.0,0.0,228.0,8.0,2015-09-17,False,True,222.0,,,,
福建省,2015-09,,,,,,,217.12,0.0,0.0,0.0,217.12,6.0,2015-09-22,False,True,0.0,,,,
贵州省,2015-09,,,,,,,500.0,0.0,0.0,0.0,500.0,4.0,2015-09-18,False,True,0.0,,,,
青海省,2015-09,,,,,,,29.0,0.0,0.0,0.0,29.0,4.0,2015-09-24,False,True,0.0,,,,
上海市,2015-10,,,,,,,470.0,42.0,14.0,0.0,414.01,15.0,2015-10-23,False,True,56.0,,,,
内蒙古自治区,2015-10,,,,,,,298.21,0.0,0.0,0.0,298.21,8.0,2015-10-19,False,True,0.0,,,,
北京市,2015-10,,,,,,,224.95,0.0,0.0,0.0,224.95,8.0,2015-10-19,False,True,0.0,,,,
四川省,2015-10,,,,,,,792.42,127.0,60.0,0.0,605.42,8.0,2015-10-09,False,True,187.0,,,,
天津市,2015-10,,,,,,,112.0,0.0,0.0,0.0,112.0,14.0,2015-10-28,False,True,0.0,,,,
宁夏回族自治区,2015-10,,,,,,,169.46,19.0,13.0,0.0,137.46,14.0,2015-10-29,False,True,32.0,,,,
安徽省,2015-10,,,,,,,469.78,155.0,0.0,0.0,314.77,6.0,2015-10-27,False,True,155.0,,,,
广东省,2015-10,,,,,,,347.64,98.0,32.0,0.0,217.64,7.0,2015-10-10,False,True,130.0,,,,
江西省,2015-10,,,,,,,484.36,51.0,36.0,0.0,397.36,12.0,2015-10-20,False,True,87.0,,,,
浙江省,2015-10,,,,,,,573.65,0.0,0.0,0.0,573.65,16.0,2015-10-15,False,True,0.0,,,,
海南省,2015-10,,,,,,,87.2,0.0,8.0,0.0,79.2,7.0,2015-10-13,False,True,8.0,,,,
湖北省,2015-10,,,,,,,96.0,55.0,18.0,0.0,23.0,8.0,2015-10-09,False,True,73.0,,,,
湖南省,2015-10,,,,,,,407.31,0.0,0.0,0.0,407.31,4.0,2015-10-16,False,True,0.0,,,,
甘肃省,2015-10,,,,,,,54.0,34.0,11.0,0.0,9.0,6.0,2015-10-20,False,True,45.0,,,,
福建省,2015-10,,,,,,,100.33,31.0,10.0,0.0,59.33,14.0,2015-10-13,False,True,41.0,,,,
贵州省,2015-10,,,,,,,101.84,0.0,0.0,0.0,101.84,7.0,2015-10-12,False,True,0.0,,,,
青岛市,2015-10,,,,,,,34.0,0.0,0.0,0.0,34.0,7.0,2015-10-23,False,True,0.0,,,,
上海市,2015-11,,,,,,,100.0,0.0,0.0,0.0,100.0,2.0,2015-11-24,False,True,0.0,,,,
云南省,2015-11,,,,,,,711.4,0.0,21.0,0.0,690.4,16.0,2015-11-06,False,True,21.0,,,,
内蒙古自治区,2015-11,,,,,,,238.88,0.0,0.0,0.0,238.88,8.0,2015-11-09,False,True,0.0,,,,
北京市,2015-11,,,,,,,345.07,50.0,17.0,0.0,278.07,9.0,2015-11-19,False,True,67.0,,,,
厦门市,2015-11,,,,,,,30.69,5.0,2.0,0.0,23.69,6.0,2015-11-10,False,True,7.0,,,,
吉林省,2015-11,,,,,,,395.23,42.0,30.0,0.0,323.23,14.0,2015-11-19,False,True,72.0,,,,
大连市,2015-11,,,,,,,142.46,20.0,3.0,0.0,119.46,16.0,2015-11-17,False,True,23.0,,,,
宁波市,2015-11,,,,,,,146.26,0.0,0.0,0.0,146.26,16.0,2015-11-09,False,True,0.0,,,,
山东省,2015-11,,,,,,,28.0,0.0,0.0,0.0,28.0,4.0,2015-11-26,False,True,0.0,,,,
山西省,2015-11,,,,,,,361.01,35.0,27.0,0.0,299.01,6.0,2015-11-03,False,True,62.0,,,,
广东省,2015-11,,,,,,,202.99,0.0,0.0,0.0,202.99,8.0,2015-11-02,False,True,0.0,,,,
江苏省,2015-11,,,,,,,1263.0,0.0,0.0,0.0,1263.0,16.0,2015-11-04,False,True,0.0,,,,
河南省,2015-11,,,,,,,588.88,88.99,51.0,0.0,448.91,13.0,2015-11-02,False,True,139.99,,,,
浙江省,2015-11,,,,,,,253.6,0.0,0.0,0.0,253.6,4.0,2015-11-27,False,True,0.0,,,,
湖南省,2015-11,,,,,,,442.47,35.09,0.0,0.0,407.37,4.0,2015-11-20,False,True,35.09,,,,
福建省,2015-11,,,,,,,132.44,0.0,0.0,0.0,132.44,6.0,2015-11-27,False,True,0.0,,,,
贵州省,2015-11,,,,,,,921.78,0.0,7.0,0.0,914.78,14.0,2015-11-05,False,True,7.0,,,,
辽宁省,2015-11,,,,,,,216.01,0.0,0.0,0.0,216.01,8.0,2015-11-24,False,True,0.0,,,,
陕西省,2015-11,,,,,,,568.01,0.0,0.0,0.0,568.01,16.0,2015-11-11,False,True,0.0,,,,
黑龙江省,2015-11,,,,,,,548.99,75.0,24.0,0.0,449.99,10.0,2015-11-12,False,True,99.0,,,,
内蒙古自治区,2015-12,,,,,,,84.0,63.0,21.0,0.0,0.0,6.0,2015-12-04,False,True,84.0,,,,
山西省,2015-12,,,,,,,52.9,0.0,0.0,0.0,52.9,4.0,2015-12-15,False,True,0.0,,,,
甘肃省,2015-12,,,,,,,52.7,0.0,0.0,0.0,52.7,4.0,2015-12-10,False,True,0.0,,,,
福建省,2015-12,,,,,,,405.8,0.0,0.0,0.0,405.8,6.0,2015-12-03,False,True,0.0,,,,
贵州省,2015-12,,,,,,,30.0,0.0,0.0,0.0,30.0,4.0,2015-12-23,False,True,0.0,,,,
辽宁省,2015-12,,,,,,,722.0,0.0,0.0,0.0,722.0,4.0,2015-12-08,False,True,0.0,,,,
青岛市,2015-12,,,,,,,14.0,0.0,0.0,0.0,14.0,4.0,2015-12-03,False,True,0.0,,,,
四川省,2016-02,,,,,,,260.37,0.0,0.0,0.0,260.37,7.0,2016-02-26,False,True,0.0,,,,
广东省,2016-02,,,,,,,457.0,0.0,0.0,0.0,457.0,3.0,2016-02-23,False,True,0.0,,,,
河北省,2016-02,,,,,,,350.13,0.0,0.0,0.0,350.13,7.0,2016-02-15,False,True,0.0,,,,
湖北省,2016-02,,,,,,,600.0,0.0,0.0,0.0,600.0,4.0,2016-02-18,False,True,0.0,,,,
云南省,2016-03,,,,,,,400.0,0.0,0.0,0.0,400.0,12.0,2016-03-21,False,True,0.0,,,,
内蒙古自治区,2016-03,,,,,,,630.0,0.0,0.0,0.0,630.0,4.0,2016-03-11,False,True,0.0,,,,
四川省,2016-03,,,,,,,459.62,0.0,0.0,0.0,459.62,4.0,2016-03-28,False,True,0.0,,,,
天津市,2016-03,,,,,,,298.31,0.0,0.0,0.0,298.31,12.0,2016-03-18,False,True,0.0,,,,
宁夏回族自治区,2016-03,,,,,,,70.0,0.0,0.0,0.0,70.0,4.0,2016-03-24,False,True,0.0,,,,
安徽省,2016-03,,,,,,,450.66,0.0,0.0,0.0,450.66,10.0,2016-03-22,False,True,0.0,,,,
山东省,2016-03,,,,,,,946.82,0.0,0.0,0.0,946.82,16.0,2016-03-10,False,True,0.0,,,,
广东省,2016-03,,,,,,,413.0,0.0,0.0,0.0,413.0,4.0,2016-03-01,False,True,0.0,,,,
广西壮族自治区,2016-03,,,,,,,313.0,0.0,0.0,0.0,313.0,6.0,2016-03-25,False,True,0.0,,,,
新疆维吾尔自治区,2016-03,,,,,,,302.0,0.0,0.0,0.0,302.0,12.0,2016-03-22,False,True,0.0,,,,
江苏省,2016-03,,,,,,,1136.0,0.0,0.0,0.0,1136.0,8.0,2016-03-15,False,True,0.0,,,,
江西省,2016-03,,,,,,,400.0,0.0,0.0,0.0,400.0,8.0,2016-03-24,False,True,0.0,,,,
浙江省,2016-03,,,,,,,300.0,0.0,0.0,0.0,300.0,4.0,2016-03-10,False,True,0.0,,,,
辽宁省,2016-03,,,,,,,759.0,0.0,0.0,0.0,759.0,4.0,2016-03-28,False,True,0.0,,,,
重庆市,2016-03,,,,,,,300.0,0.0,0.0,0.0,300.0,6.0,2016-03-17,False,True,0.0,,,,
陕西省,2016-03,,,,,,,419.23,0.0,0.0,0.0,419.23,4.0,2016-03-29,False,True,0.0,,,,
青岛市,2016-03,,,,,,,90.59,0.0,0.0,0.0,90.59,7.0,2016-03-16,False,True,0.0,,,,
青海省,2016-03,,,,,,,198.5,127.0,0.0,0.0,71.5,4.0,2016-03-31,False,True,127.0,,,,
内蒙古自治区,2016-04,,,,,,,259.75,0.0,0.0,0.0,259.75,6.0,2016-04-29,False,True,0.0,,,,
吉林省,2016-04,,,,,,,476.9,0.0,0.0,0.0,476.9,6.0,2016-04-08,False,True,0.0,,,,
山东省,2016-04,,,,,,,690.4,263.4,0.0,0.0,427.0,4.0,2016-04-26,False,True,263.4,,,,
山西省,2016-04,,,,,,,270.0,0.0,0.0,0.0,270.0,4.0,2016-04-19,False,True,0.0,,,,
广东省,2016-04,,,,,,,870.0,0.0,0.0,0.0,870.0,14.0,2016-04-05,False,True,0.0,,,,
广西壮族自治区,2016-04,,,,,,,274.08,0.0,0.0,0.0,274.08,10.0,2016-04-06,False,True,0.0,,,,
新疆维吾尔自治区,2016-04,,,,,,,308.0,150.0,0.0,0.0,158.0,8.0,2016-04-07,False,True,150.0,,,,
江苏省,2016-04,,,,,,,406.96,0.0,0.0,0.0,406.96,8.0,2016-04-26,False,True,0.0,,,,
河北省,2016-04,,,,,,,700.0,232.7,303.0,0.0,164.3,8.0,2016-04-14,False,True,535.7,,,,
河南省,2016-04,,,,,,,634.68,0.0,0.0,0.0,634.68,10.0,2016-04-13,False,True,0.0,,,,
浙江省,2016-04,,,,,,,1500.0,0.0,0.0,0.0,1500.0,8.0,2016-04-18,False,True,0.0,,,,
湖北省,2016-04,,,,,,,400.0,0.0,0.0,0.0,400.0,6.0,2016-04-15,False,True,0.0,,,,
湖南省,2016-04,,,,,,,411.0,0.0,0.0,0.0,411.0,2.0,2016-04-11,False,True,0.0,,,,
甘肃省,2016-04,,,,,,,455.1,134.0,25.0,0.0,296.1,7.0,2016-04-15,False,True,159.0,,,,
贵州省,2016-04,,,,,,,1189.68,0.0,0.0,0.0,1189.68,15.0,2016-04-07,False,True,0.0,,,,
辽宁省,2016-04,,,,,,,554.35,0.0,0.0,0.0,554.35,8.0,2016-04-20,False,True,0.0,,,,
陕西省,2016-04,,,,,,,530.2,0.0,0.0,0.0,530.2,8.0,2016-04-28,False,True,0.0,,,,
黑龙江省,2016-04,,,,,,,715.1,192.0,0.0,0.0,523.1,14.0,2016-04-08,False,True,192.0,,,,
云南省,2016-05,,,,,,,580.0,173.0,0.0,0.0,407.0,4.0,2016-05-26,False,True,173.0,,,,
内蒙古自治区,2016-05,,,,,,,247.38,0.0,0.0,0.0,247.38,4.0,2016-05-30,False,True,0.0,,,,
厦门市,2016-05,,,,,,,27.84,0.0,0.0,0.0,27.84,6.0,2016-05-12,False,True,0.0,,,,
四川省,2016-05,,,,,,,600.0,0.0,0.0,0.0,600.0,8.0,2016-05-17,False,True,0.0,,,,
天津市,2016-05,,,,,,,693.88,350.0,14.0,0.0,329.88,14.0,2016-05-31,False,True,364.0,,,,
宁夏回族自治区,2016-05,,,,,,,100.74,0.0,0.0,0.0,100.74,11.0,2016-05-19,False,True,0.0,,,,
宁波市,2016-05,,,,,,,301.59,29.0,3.0,0.0,269.59,16.0,2016-05-13,False,True,32.0,,,,
河南省,2016-05,,,,,,,643.0,280.0,263.0,0.0,100.0,8.0,2016-05-30,False,True,543.0,,,,
海南省,2016-05,,,,,,,187.86,55.0,0.0,0.0,132.86,8.0,2016-05-11,False,True,55.0,,,,
湖北省,2016-05,,,,,,,250.0,0.0,0.0,0.0,250.0,7.0,2016-05-20,False,True,0.0,,,,
湖南省,2016-05,,,,,,,521.0,428.6,0.0,0.0,92.4,2.0,2016-05-06,False,True,428.6,,,,
辽宁省,2016-05,,,,,,,205.0,0.0,0.0,0.0,205.0,4.0,2016-05-24,False,True,0.0,,,,
重庆市,2016-05,,,,,,,260.0,0.0,0.0,0.0,260.0,6.0,2016-05-18,False,True,0.0,,,,
陕西省,2016-05,,,,,,,341.0,302.0,39.0,0.0,0.0,12.0,2016-05-26,False,True,341.0,,,,
青岛市,2016-05,,,,,,,168.61,39.0,39.0,0.0,90.61,14.0,2016-05-16,False,True,78.0,,,,
青海省,2016-05,,,,,,,143.15,0.0,24.0,0.0,119.15,16.0,2016-05-27,False,True,24.0,,,,
上海市,2016-06,,,,,,,550.0,0.0,0.0,0.0,550.0,8.0,2016-06-27,False,True,0.0,,,,
内蒙古自治区,2016-06,,,,,,,400.5,251.5,35.0,0.0,114.0,8.0,2016-06-23,False,True,286.5,,,,
北京市,2016-06,,,,,,,216.58,0.0,0.0,0.0,216.58,9.0,2016-06-21,False,True,0.0,,,,
吉林省,2016-06,,,,,,,281.65,251.65,30.0,0.0,0.0,7.0,2016-06-20,False,True,281.65,,,,
四川省,2016-06,,,,,,,584.1,275.1,309.0,0.0,0.0,8.0,2016-06-17,False,True,584.1,,,,
大连市,2016-06,,,,,,,65.9,0.0,0.0,0.0,65.9,8.0,2016-06-14,False,True,0.0,,,,
宁夏回族自治区,2016-06,,,,,,,89.8,69.0,13.0,0.0,7.8,7.0,2016-06-16,False,True,82.0,,,,
安徽省,2016-06,,,,,,,908.7,243.74,215.0,0.0,449.96,6.0,2016-06-30,False,True,458.74,,,,
山东省,2016-06,,,,,,,679.78,0.0,326.0,0.0,353.78,8.0,2016-06-06,False,True,326.0,,,,
山西省,2016-06,,,,,,,191.6,133.6,58.0,0.0,0.0,6.0,2016-06-24,False,True,191.6,,,,
广东省,2016-06,,,,,,,329.29,151.44,177.85,0.0,0.0,7.0,2016-06-16,False,True,329.29,,,,
广西壮族自治区,2016-06,,,,,,,368.0,294.8,32.0,0.0,41.2,7.0,2016-06-07,False,True,326.8,,,,
新疆维吾尔自治区,2016-06,,,,,,,47.0,0.0,0.0,0.0,47.0,4.0,2016-06-15,False,True,0.0,,,,
江苏省,2016-06,,,,,,,873.7,334.7,539.0,0.0,0.0,8.0,2016-06-13,False,True,873.7,,,,
江西省,2016-06,,,,,,,369.0,199.2,150.02,0.0,19.82,8.0,2016-06-21,False,True,349.22,,,,
河北省,2016-06,,,,,,,630.0,0.0,0.0,0.0,630.0,7.0,2016-06-01,False,True,0.0,,,,
河南省,2016-06,,,,,,,378.86,0.0,0.0,0.0,378.86,8.0,2016-06-28,False,True,0.0,,,,
浙江省,2016-06,,,,,,,460.7,421.7,39.0,0.0,0.0,6.0,2016-06-14,False,True,460.7,,,,
湖北省,2016-06,,,,,,,556.0,256.0,300.0,0.0,0.0,6.0,2016-06-03,False,True,556.0,,,,
湖南省,2016-06,,,,,,,556.0,0.0,56.0,0.0,500.0,2.0,2016-06-23,False,True,56.0,,,,
甘肃省,2016-06,,,,,,,77.0,77.0,0.0,0.0,0.0,1.0,2016-06-06,False,True,77.0,,,,
福建省,2016-06,,,,,,,863.43,0.0,0.0,0.0,863.43,12.0,2016-06-13,False,True,0.0,,,,
贵州省,2016-06,,,,,,,400.0,0.0,0.0,0.0,400.0,4.0,2016-06-02,False,True,0.0,,,,
重庆市,2016-06,,,,,,,406.0,137.0,269.0,0.0,0.0,8.0,2016-06-07,False,True,406.0,,,,
上海市,2016-07,,,,,,,813.0,0.0,274.0,0.0,539.0,4.0,2016-07-22,False,True,274.0,,,,
北京市,2016-07,,,,,,,228.38,225.32,0.0,0.0,3.06,2.0,2016-07-07,False,True,225.32,,,,
吉林省,2016-07,,,,,,,145.92,0.0,0.0,0.0,145.92,7.0,2016-07-29,False,True,0.0,,,,
广东省,2016-07,,,,,,,298.9,171.46,127.44,0.0,0.0,7.0,2016-07-18,False,True,298.9,,,,
新疆维吾尔自治区,2016-07,,,,,,,175.5,115.5,0.0,0.0,60.0,8.0,2016-07-12,False,True,115.5,,,,
江苏省,2016-07,,,,,,,1012.2,0.0,0.0,0.0,1012.2,8.0,2016-07-29,False,True,0.0,,,,
贵州省,2016-07,,,,,,,400.0,0.0,0.0,0.0,400.0,6.0,2016-07-19,False,True,0.0,,,,
辽宁省,2016-07,,,,,,,460.0,0.0,0.0,0.0,460.0,4.0,2016-07-12,False,True,0.0,,,,
青海省,2016-07,,,,,,,31.71,0.0,0.0,0.0,31.71,8.0,2016-07-08,False,True,0.0,,,,
黑龙江省,2016-07,,,,,,,389.75,20.5,35.0,0.0,334.25,11.0,2016-07-26,False,True,55.5,,,,
上海市,2016-08,,,,,,,507.0,226.0,0.0,0.0,281.0,4.0,2016-08-18,False,True,226.0,,,,
云南省,2016-08,,,,,,,609.0,155.7,36.0,0.0,417.3,14.0,2016-08-05,False,True,191.7,,,,
内蒙古自治区,2016-08,,,,,,,142.54,0.0,0.0,0.0,142.54,6.0,2016-08-26,False,True,0.0,,,,
北京市,2016-08,,,,,,,273.35,266.68,0.0,0.0,6.67,2.0,2016-08-04,False,True,266.68,,,,
四川省,2016-08,,,,,,,600.0,0.0,0.0,0.0,600.0,8.0,2016-08-04,False,True,0.0,,,,
天津市,2016-08,,,,,,,253.4,0.0,0.0,0.0,253.4,7.0,2016-08-19,False,True,0.0,,,,
山东省,2016-08,,,,,,,969.69,0.0,0.0,0.0,969.69,8.0,2016-08-30,False,True,0.0,,,,
山西省,2016-08,,,,,,,202.61,24.0,47.0,0.0,131.61,12.0,2016-08-11,False,True,71.0,,,,
广东省,2016-08,,,,,,,870.0,0.0,0.0,0.0,870.0,7.0,2016-08-29,False,True,0.0,,,,
广西壮族自治区,2016-08,,,,,,,54.5,0.0,0.0,0.0,54.5,7.0,2016-08-23,False,True,0.0,,,,
河北省,2016-08,,,,,,,604.63,0.0,0.0,0.0,604.63,11.0,2016-08-09,False,True,0.0,,,,
浙江省,2016-08,,,,,,,900.01,0.0,0.0,0.0,900.01,8.0,2016-08-08,False,True,0.0,,,,
海南省,2016-08,,,,,,,130.65,63.0,0.0,0.0,67.65,6.0,2016-08-24,False,True,63.0,,,,
湖北省,2016-08,,,,,,,97.5,0.0,0.0,0.0,97.5,4.0,2016-08-12,False,True,0.0,,,,
湖南省,2016-08,,,,,,,650.0,0.0,0.0,0.0,650.0,2.0,2016-08-22,False,True,0.0,,,,
福建省,2016-08,,,,,,,610.71,318.6,26.0,0.0,266.11,6.0,2016-08-23,False,True,344.6,,,,
重庆市,2016-08,,,,,,,349.85,0.0,0.0,0.0,349.85,8.0,2016-08-26,False,True,0.0,,,,
陕西省,2016-08,,,,,,,569.07,0.0,0.0,0.0,569.07,8.0,2016-08-02,False,True,0.0,,,,
内蒙古自治区,2016-09,,,,,,,188.63,0.0,0.0,0.0,188.63,6.0,2016-09-27,False,True,0.0,,,,
北京市,2016-09,,,,,,,245.25,0.0,30.0,0.0,215.25,4.0,2016-09-08,False,True,30.0,,,,
宁夏回族自治区,2016-09,,,,,,,74.14,18.8,0.0,0.0,55.34,4.0,2016-09-06,False,True,18.8,,,,
宁波市,2016-09,,,,,,,180.74,0.0,0.0,0.0,180.74,16.0,2016-09-12,False,True,0.0,,,,
山东省,2016-09,,,,,,,146.72,0.0,0.0,0.0,146.72,4.0,2016-09-05,False,True,0.0,,,,
广西壮族自治区,2016-09,,,,,,,263.0,0.0,0.0,0.0,263.0,7.0,2016-09-09,False,True,0.0,,,,
新疆维吾尔自治区,2016-09,,,,,,,93.3,0.0,0.0,0.0,93.3,8.0,2016-09-28,False,True,0.0,,,,
江西省,2016-09,,,,,,,285.4,2.4,0.0,0.0,283.0,16.0,2016-09-08,False,True,2.4,,,,
河南省,2016-09,,,,,,,247.36,0.0,0.0,0.0,247.36,8.0,2016-09-27,False,True,0.0,,,,
湖北省,2016-09,,,,,,,120.5,0.0,0.0,0.0,120.5,6.0,2016-09-23,False,True,0.0,,,,
甘肃省,2016-09,,,,,,,134.56,0.0,0.0,0.0,134.56,6.0,2016-09-02,False,True,0.0,,,,
贵州省,2016-09,,,,,,,400.0,41.2,7.0,0.0,351.8,6.0,2016-09-01,False,True,48.2,,,,
辽宁省,2016-09,,,,,,,199.06,0.0,0.0,0.0,199.06,4.0,2016-09-20,False,True,0.0,,,,
陕西省,2016-09,,,,,,,109.73,0.0,0.0,0.0,109.73,4.0,2016-09-20,False,True,0.0,,,,
青岛市,2016-09,,,,,,,46.2,0.0,0.0,0.0,46.2,7.0,2016-09-06,False,True,0.0,,,,
内蒙古自治区,2016-10,,,,,,,423.5,0.0,0.0,0.0,423.5,6.0,2016-10-20,False,True,0.0,,,,
四川省,2016-10,,,,,,,386.52,0.0,0.0,0.0,386.52,8.0,2016-10-28,False,True,0.0,,,,
安徽省,2016-10,,,,,,,327.94,0.0,0.0,0.0,327.94,6.0,2016-10-11,False,True,0.0,,,,
山东省,2016-10,,,,,,,432.0,0.0,0.0,0.0,432.0,12.0,2016-10-18,False,True,0.0,,,,
江苏省,2016-10,,,,,,,924.0,0.0,0.0,0.0,924.0,8.0,2016-10-10,False,True,0.0,,,,
湖北省,2016-10,,,,,,,619.99,0.0,0.0,0.0,619.99,7.0,2016-10-28,False,True,0.0,,,,
湖南省,2016-10,,,,,,,650.0,0.0,0.0,0.0,650.0,3.0,2016-10-13,False,True,0.0,,,,
福建省,2016-10,,,,,,,313.91,0.0,0.0,0.0,313.91,6.0,2016-10-13,False,True,0.0,,,,
辽宁省,2016-10,,,,,,,215.75,73.3,11.0,0.0,131.45,8.0,2016-10-25,False,True,84.3,,,,
重庆市,2016-10,,,,,,,254.5,0.0,0.0,0.0,254.5,6.0,2016-10-25,False,True,0.0,,,,
青岛市,2016-10,,,,,,,108.4,1.8,32.0,0.0,74.6,11.0,2016-10-17,False,True,33.8,,,,
青海省,2016-10,,,,,,,95.65,0.0,0.0,0.0,95.65,12.0,2016-10-14,False,True,0.0,,,,
上海市,2016-11,,,,,,,300.0,0.0,0.0,0.0,300.0,4.0,2016-11-11,False,True,0.0,,,,
云南省,2016-11,,,,,,,476.7,0.0,0.0,0.0,476.7,12.0,2016-11-18,False,True,0.0,,,,
北京市,2016-11,,,,,,,202.84,0.0,0.0,0.0,202.84,12.0,2016-11-29,False,True,0.0,,,,
厦门市,2016-11,,,,,,,321.27,24.0,49.0,0.0,248.27,12.0,2016-11-08,False,True,73.0,,,,
大连市,2016-11,,,,,,,358.06,22.0,3.0,0.0,333.06,16.0,2016-11-15,False,True,25.0,,,,
宁夏回族自治区,2016-11,,,,,,,31.97,0.0,0.0,0.0,31.97,8.0,2016-11-11,False,True,0.0,,,,
山西省,2016-11,,,,,,,123.38,0.0,0.0,0.0,123.38,6.0,2016-11-08,False,True,0.0,,,,
广东省,2016-11,,,,,,,76.97,0.0,3.72,0.0,73.26,3.0,2016-11-07,False,True,3.72,,,,
广西壮族自治区,2016-11,,,,,,,167.0,0.0,0.0,0.0,167.0,8.0,2016-11-04,False,True,0.0,,,,
新疆维吾尔自治区,2016-11,,,,,,,117.1,10.5,15.7,0.0,90.9,8.0,2016-11-22,False,True,26.2,,,,
河北省,2016-11,,,,,,,36.0,1.07,0.0,0.0,34.93,1.0,2016-11-17,False,True,1.07,,,,
浙江省,2016-11,,,,,,,422.01,0.0,0.0,0.0,422.01,8.0,2016-11-03,False,True,0.0,,,,
海南省,2016-11,,,,,,,232.74,0.0,66.0,0.0,166.74,10.0,2016-11-16,False,True,66.0,,,,
湖南省,2016-11,,,,,,,700.0,0.0,0.0,0.0,700.0,4.0,2016-11-10,False,True,0.0,,,,
西藏自治区,2016-11,,,,,,,15.76,12.76,3.0,0.0,0.0,5.0,2016-11-29,False,True,15.76,,,,
贵州省,2016-11,,,,,,,200.0,10.06,0.0,0.0,189.96,8.0,2016-11-04,False,True,10.06,,,,
陕西省,2016-11,,,,,,,61.8,0.0,0.0,0.0,61.8,4.0,2016-11-14,False,True,0.0,,,,
上海市,2016-12,,,,,,,30.0,0.0,0.0,0.0,30.0,1.0,2016-12-08,False,True,0.0,,,,
内蒙古自治区,2016-12,,,,,,,210.0,0.0,0.0,0.0,210.0,6.0,2016-12-06,False,True,0.0,,,,
吉林省,2016-12,,,,,,,5.72,5.72,0.0,0.0,0.0,1.0,2016-12-01,False,True,5.72,,,,
天津市,2016-12,,,,,,,421.74,0.0,0.0,0.0,421.74,10.0,2016-12-01,False,True,0.0,,,,
广东省,2016-12,,,,,,,184.53,0.0,0.0,0.0,184.53,11.0,2016-12-09,False,True,0.0,,,,
新疆维吾尔自治区,2016-12,,,,,,,12.3,0.0,12.3,0.0,0.0,2.0,2016-12-15,False,True,12.3,,,,
江苏省,2016-12,,,,,,,158.9,0.0,0.0,0.0,158.9,8.0,2016-12-02,False,True,0.0,,,,
河北省,2017-02,,,,,,,145.82,0.0,0.0,0.0,145.82,3.0,2017-02-28,False,True,0.0,,,,
云南省,2017-03,,,,,,,557.4,0.0,0.0,0.0,557.4,12.0,2017-03-15,False,True,0.0,,,,
北京市,2017-03,,,,,,,356.48,0.0,0.0,0.0,356.48,8.0,2017-03-27,False,True,0.0,,,,
吉林省,2017-03,,,,,,,276.7,0.0,0.0,0.0,276.7,3.0,2017-03-28,False,True,0.0,,,,
四川省,2017-03,,,,,,,376.6,0.0,0.0,0.0,376.6,8.0,2017-03-17,False,True,0.0,,,,
安徽省,2017-03,,,,,,,313.89,0.0,0.0,0.0,313.89,6.0,2017-03-29,False,True,0.0,,,,
山东省,2017-03,,,,,,,783.46,0.0,0.0,0.0,783.46,6.0,2017-03-31,False,True,0.0,,,,
山西省,2017-03,,,,,,,110.0,0.0,0.0,0.0,110.0,5.0,2017-03-21,False,True,0.0,,,,
广西壮族自治区,2017-03,,,,,,,399.97,0.0,0.0,0.0,399.97,16.0,2017-03-16,False,True,0.0,,,,
新疆维吾尔自治区,2017-03,,,,,,,156.5,0.0,0.0,0.0,156.5,4.0,2017-03-01,False,True,0.0,,,,
江西省,2017-03,,,,,,,360.36,0.0,0.0,0.0,360.36,16.0,2017-03-23,False,True,0.0,,,,
河北省,2017-03,,,,,,,100.0,0.0,0.0,0.0,100.0,3.0,2017-03-09,False,True,0.0,,,,
浙江省,2017-03,,,,,,,328.94,0.0,0.0,0.0,328.94,6.0,2017-03-29,False,True,0.0,,,,
贵州省,2017-03,,,,,,,190.0,0.0,0.0,0.0,190.0,2.0,2017-03-23,False,True,0.0,,,,
辽宁省,2017-03,,,,,,,139.0,0.0,0.0,0.0,139.0,4.0,2017-03-14,False,True,0.0,,,,
陕西省,2017-03,,,,,,,149.96,0.0,0.0,0.0,149.96,5.0,2017-03-27,False,True,0.0,,,,
内蒙古自治区,2017-04,,,,,,,122.45,0.0,0.0,0.0,122.45,6.0,2017-04-14,False,True,0.0,,,,
四川省,2017-04,,,,,,,300.0,0.0,0.0,0.0,300.0,8.0,2017-04-13,False,True,0.0,,,,
江苏省,2017-04,,,,,,,675.5,0.0,0.0,0.0,675.5,4.0,2017-04-07,False,True,0.0,,,,
河南省,2017-04,,,,,,,435.65,0.0,0.0,0.0,435.65,8.0,2017-04-12,False,True,0.0,,,,
浙江省,2017-04,,,,,,,268.65,0.0,0.0,0.0,268.65,6.0,2017-04-14,False,True,0.0,,,,
湖北省,2017-04,,,,,,,200.0,0.0,0.0,0.0,200.0,7.0,2017-04-26,False,True,0.0,,,,
甘肃省,2017-04,,,,,,,90.0,0.0,0.0,0.0,90.0,2.0,2017-04-18,False,True,0.0,,,,
贵州省,2017-04,,,,,,,200.0,0.0,0.0,0.0,200.0,2.0,2017-04-21,False,True,0.0,,,,
辽宁省,2017-04,,,,,,,195.9,0.0,0.0,0.0,195.9,4.0,2017-04-18,False,True,0.0,,,,
重庆市,2017-04,,,,,,,280.0,60.0,140.0,0.0,80.0,4.0,2017-04-07,False,True,200.0,,,,
青海省,2017-04,,,,,,,191.44,76.0,0.0,0.0,115.44,12.0,2017-04-17,False,True,76.0,,,,
黑龙江省,2017-04,,,,,,,289.5,0.0,0.0,0.0,289.5,8.0,2017-04-11,False,True,0.0,,,,
云南省,2017-05,,,,,,,212.6,0.0,0.0,0.0,212.6,4.0,2017-05-18,False,True,0.0,,,,
内蒙古自治区,2017-05,,,,,,,211.5,0.0,0.0,0.0,211.5,3.0,2017-05-22,False,True,0.0,,,,
北京市,2017-05,,,,,,,47.83,0.0,0.0,0.0,47.83,2.0,2017-05-09,False,True,0.0,,,,
四川省,2017-05,,,,,,,300.0,0.0,0.0,0.0,300.0,8.0,2017-05-22,False,True,0.0,,,,
天津市,2017-05,,,,,,,97.84,0.0,0.0,0.0,97.84,2.0,2017-05-12,False,True,0.0,,,,
宁波市,2017-05,,,,,,,305.4,0.0,0.0,0.0,305.4,16.0,2017-05-15,False,True,0.0,,,,
山东省,2017-05,,,,,,,561.72,232.4,0.0,0.0,329.32,4.0,2017-05-19,False,True,232.4,,,,
广东省,2017-05,,,,,,,655.39,0.0,0.0,0.0,655.39,14.0,2017-05-17,False,True,0.0,,,,
广西壮族自治区,2017-05,,,,,,,582.0,452.6,32.0,0.0,97.4,4.0,2017-05-23,False,True,484.6,,,,
新疆维吾尔自治区,2017-05,,,,,,,84.08,0.0,0.0,0.0,84.08,6.0,2017-05-08,False,True,0.0,,,,
江苏省,2017-05,,,,,,,333.64,0.0,0.0,0.0,333.64,4.0,2017-05-12,False,True,0.0,,,,
河北省,2017-05,,,,,,,188.0,139.0,0.0,0.0,49.0,4.0,2017-05-09,False,True,139.0,,,,
湖北省,2017-05,,,,,,,100.0,0.0,0.0,0.0,100.0,2.0,2017-05-25,False,True,0.0,,,,
贵州省,2017-05,,,,,,,508.98,0.0,0.0,0.0,508.98,8.0,2017-05-10,False,True,0.0,,,,
辽宁省,2017-05,,,,,,,407.3,0.0,0.0,0.0,407.3,8.0,2017-05-19,False,True,0.0,,,,
重庆市,2017-05,,,,,,,214.58,0.0,0.0,0.0,214.58,4.0,2017-05-16,False,True,0.0,,,,
陕西省,2017-05,,,,,,,240.0,0.0,0.0,0.0,240.0,4.0,2017-05-11,False,True,0.0,,,,
青岛市,2017-05,,,,,,,80.2,31.7,48.5,0.0,0.0,7.0,2017-05-15,False,True,80.2,,,,
黑龙江省,2017-05,,,,,,,353.81,164.83,0.0,0.0,188.98,6.0,2017-05-05,False,True,164.83,,,,
上海市,2017-06,,,,,,,409.2,0.0,331.1,0.0,78.1,3.0,2017-06-05,False,True,331.1,,,,
四川省,2017-06,,,,,,,400.0,400.0,0.0,0.0,0.0,4.0,2017-06-08,False,True,400.0,,,,
大连市,2017-06,,,,,,,289.55,0.0,0.0,0.0,289.55,6.0,2017-06-13,False,True,0.0,,,,
天津市,2017-06,,,,,,,208.59,139.55,40.1,0.0,28.94,5.0,2017-06-20,False,True,179.65,,,,
宁夏回族自治区,2017-06,,,,,,,208.43,120.2,13.0,0.0,75.23,11.0,2017-06-09,False,True,133.2,,,,
山西省,2017-06,,,,,,,320.0,72.0,118.0,0.0,130.0,4.0,2017-06-16,False,True,190.0,,,,
新疆维吾尔自治区,2017-06,,,,,,,234.4,76.3,10.0,0.0,148.1,3.0,2017-06-13,False,True,86.3,,,,
河北省,2017-06,,,,,,,396.0,0.0,350.0,0.0,46.0,4.0,2017-06-12,False,True,350.0,,,,
河南省,2017-06,,,,,,,480.25,216.5,0.0,0.0,263.75,5.0,2017-06-02,False,True,216.5,,,,
海南省,2017-06,,,,,,,117.48,74.0,0.0,0.0,43.48,6.0,2017-06-14,False,True,74.0,,,,
湖北省,2017-06,,,,,,,381.0,200.0,181.0,0.0,0.0,6.0,2017-06-16,False,True,381.0,,,,
湖南省,2017-06,,,,,,,342.0,0.0,0.0,0.0,342.0,2.0,2017-06-20,False,True,0.0,,,,
甘肃省,2017-06,,,,,,,318.19,157.3,50.0,0.0,110.89,6.0,2017-06-07,False,True,207.3,,,,
福建省,2017-06,,,,,,,478.67,0.0,0.0,0.0,478.67,14.0,2017-06-06,False,True,0.0,,,,
贵州省,2017-06,,,,,,,200.0,0.0,0.0,0.0,200.0,4.0,2017-06-08,False,True,0.0,,,,
陕西省,2017-06,,,,,,,260.0,250.0,10.0,0.0,0.0,5.0,2017-06-12,False,True,260.0,,,,
青海省,2017-06,,,,,,,87.0,14.0,0.0,0.0,73.0,3.0,2017-06-19,False,True,14.0,,,,
云南省,2017-07,,,,,,,400.0,341.0,10.0,0.0,49.0,5.0,2017-07-07,False,True,351.0,,,,
内蒙古自治区,2017-07,,,,,,,359.4,359.4,0.0,0.0,0.0,4.0,2017-07-06,False,True,359.4,,,,
北京市,2017-07,,,,,,,525.0,297.0,228.0,0.0,0.0,13.0,2017-07-10,False,True,525.0,,,,
厦门市,2017-07,,,,,,,97.0,18.0,79.0,0.0,0.0,6.0,2017-07-17,False,True,97.0,,,,
吉林省,2017-07,,,,,,,453.23,338.4,4.82,0.0,110.01,5.0,2017-07-18,False,True,343.22,,,,
四川省,2017-07,,,,,,,307.5,98.5,209.0,0.0,0.0,8.0,2017-07-17,False,True,307.5,,,,
安徽省,2017-07,,,,,,,547.8,190.8,357.0,0.0,0.0,4.0,2017-07-04,False,True,547.8,,,,
山东省,2017-07,,,,,,,34.65,0.0,0.0,0.0,34.65,2.0,2017-07-05,False,True,0.0,,,,
广东省,2017-07,,,,,,,650.8,269.8,381.0,0.0,0.0,7.0,2017-07-12,False,True,650.8,,,,
广西壮族自治区,2017-07,,,,,,,221.31,0.0,0.0,0.0,221.31,6.0,2017-07-10,False,True,0.0,,,,
新疆维吾尔自治区,2017-07,,,,,,,243.7,186.1,8.0,0.0,49.6,4.0,2017-07-11,False,True,194.1,,,,
江苏省,2017-07,,,,,,,862.0,280.0,582.0,0.0,0.0,6.0,2017-07-11,False,True,862.0,,,,
江西省,2017-07,,,,,,,377.5,160.5,217.0,0.0,0.0,8.0,2017-07-07,False,True,377.5,,,,
河北省,2017-07,,,,,,,421.06,0.0,0.0,0.0,421.06,9.0,2017-07-03,False,True,0.0,,,,
河南省,2017-07,,,,,,,408.0,0.0,408.0,0.0,0.0,4.0,2017-07-14,False,True,408.0,,,,
浙江省,2017-07,,,,,,,299.0,299.0,0.0,0.0,0.0,4.0,2017-07-06,False,True,299.0,,,,
湖南省,2017-07,,,,,,,545.4,545.4,0.0,0.0,0.0,2.0,2017-07-20,False,True,545.4,,,,
福建省,2017-07,,,,,,,485.8,459.8,26.0,0.0,0.0,8.0,2017-07-21,False,True,485.8,,,,
贵州省,2017-07,,,,,,,300.0,56.1,8.0,0.0,235.9,4.0,2017-07-20,False,True,64.1,,,,
辽宁省,2017-07,,,,,,,249.77,0.0,0.0,0.0,249.77,6.0,2017-07-13,False,True,0.0,,,,
重庆市,2017-07,,,,,,,390.0,90.0,114.0,0.0,186.0,6.0,2017-07-14,False,True,204.0,,,,
陕西省,2017-07,,,,,,,173.7,154.7,19.0,0.0,0.0,3.0,2017-07-18,False,True,173.7,,,,
青岛市,2017-07,,,,,,,100.46,0.0,0.0,0.0,100.46,7.0,2017-07-24,False,True,0.0,,,,
云南省,2017-08,,,,,,,673.2,130.3,6.0,0.0,536.9,14.0,2017-08-10,False,True,136.3,,,,
内蒙古自治区,2017-08,,,,,,,138.83,0.0,0.0,0.0,138.83,6.0,2017-08-18,False,True,0.0,,,,
四川省,2017-08,,,,,,,709.14,0.0,0.0,0.0,709.14,12.0,2017-08-01,False,True,0.0,,,,
大连市,2017-08,,,,,,,275.72,0.0,0.0,0.0,275.72,5.0,2017-08-08,False,True,0.0,,,,
安徽省,2017-08,,,,,,,167.15,0.0,0.0,0.0,167.15,2.0,2017-08-31,False,True,0.0,,,,
山东省,2017-08,,,,,,,377.0,0.0,377.0,0.0,0.0,2.0,2017-08-07,False,True,377.0,,,,
广东省,2017-08,,,,,,,354.0,0.0,253.0,0.0,101.0,26.0,2017-08-10,False,True,253.0,,,,
广西壮族自治区,2017-08,,,,,,,275.0,0.0,0.0,0.0,275.0,6.0,2017-08-17,False,True,0.0,,,,
新疆维吾尔自治区,2017-08,,,,,,,117.78,26.35,10.0,0.0,81.43,6.0,2017-08-25,False,True,36.35,,,,
河北省,2017-08,,,,,,,41.8,0.0,41.8,0.0,0.0,4.0,2017-08-04,False,True,41.8,,,,
浙江省,2017-08,,,,,,,452.0,0.0,452.0,0.0,0.0,18.0,2017-08-31,False,True,452.0,,,,
海南省,2017-08,,,,,,,290.65,0.0,80.0,0.0,210.65,9.0,2017-08-16,False,True,80.0,,,,
湖北省,2017-08,,,,,,,299.0,0.0,117.0,0.0,182.0,7.0,2017-08-11,False,True,117.0,,,,
重庆市,2017-08,,,,,,,198.4,0.0,0.0,0.0,198.4,4.0,2017-08-23,False,True,0.0,,,,
陕西省,2017-08,,,,,,,137.11,0.0,0.0,0.0,137.11,4.0,2017-08-15,False,True,0.0,,,,
黑龙江省,2017-08,,,,,,,190.56,175.56,15.0,0.0,0.0,5.0,2017-08-24,False,True,190.56,,,,
吉林省,2017-09,,,,,,,87.54,0.0,10.0,0.0,77.54,4.0,2017-09-06,False,True,10.0,,,,
天津市,2017-09,,,,,,,344.42,58.05,249.3,0.0,37.07,19.0,2017-09-01,False,True,307.35,,,,
宁波市,2017-09,,,,,,,126.7,21.0,31.0,0.0,74.7,11.0,2017-09-12,False,True,52.0,,,,
山东省,2017-09,,,,,,,264.41,0.0,180.0,0.0,84.41,17.0,2017-09-14,False,True,180.0,,,,
山西省,2017-09,,,,,,,227.0,0.0,53.8,0.0,173.2,13.0,2017-09-05,False,True,53.8,,,,
新疆维吾尔自治区,2017-09,,,,,,,129.3,129.3,0.0,0.0,0.0,1.0,2017-09-22,False,True,129.3,,,,
江苏省,2017-09,,,,,,,370.0,0.0,370.0,0.0,0.0,13.0,2017-09-15,False,True,370.0,,,,
河北省,2017-09,,,,,,,87.51,0.0,62.3,0.0,25.21,13.0,2017-09-22,False,True,62.3,,,,
河南省,2017-09,,,,,,,249.21,0.0,128.6,0.0,120.61,18.0,2017-09-19,False,True,128.6,,,,
湖南省,2017-09,,,,,,,330.0,0.0,0.0,0.0,330.0,2.0,2017-09-08,False,True,0.0,,,,
甘肃省,2017-09,,,,,,,60.79,0.0,0.0,0.0,60.79,2.0,2017-09-15,False,True,0.0,,,,
福建省,2017-09,,,,,,,251.78,0.0,0.0,0.0,251.78,7.0,2017-09-20,False,True,0.0,,,,
西藏自治区,2017-09,,,,,,,56.05,28.87,18.18,0.0,9.0,6.0,2017-09-18,False,True,47.05,,,,
贵州省,2017-09,,,,,,,300.0,0.0,0.0,0.0,300.0,4.0,2017-09-07,False,True,0.0,,,,
辽宁省,2017-09,,,,,,,342.06,0.0,0.0,0.0,342.06,8.0,2017-09-12,False,True,0.0,,,,
陕西省,2017-09,,,,,,,329.63,0.0,0.0,0.0,329.63,6.0,2017-09-27,False,True,0.0,,,,
云南省,2017-10,,,,,,,76.7,0.0,10.0,0.0,66.7,5.0,2017-10-19,False,True,10.0,,,,
内蒙古自治区,2017-10,,,,,,,301.01,0.0,0.0,0.0,301.01,5.0,2017-10-23,False,True,0.0,,,,
吉林省,2017-10,,,,,,,295.35,0.0,0.0,0.0,295.35,4.0,2017-10-25,False,True,0.0,,,,
四川省,2017-10,,,,,,,200.0,0.0,0.0,0.0,200.0,4.0,2017-10-23,False,True,0.0,,,,
宁夏回族自治区,2017-10,,,,,,,81.85,0.0,0.0,0.0,81.85,6.0,2017-10-11,False,True,0.0,,,,
安徽省,2017-10,,,,,,,293.18,0.0,0.0,0.0,293.18,3.0,2017-10-19,False,True,0.0,,,,
广西壮族自治区,2017-10,,,,,,,148.0,0.0,0.0,0.0,148.0,5.0,2017-10-24,False,True,0.0,,,,
江西省,2017-10,,,,,,,343.19,0.0,0.0,0.0,343.19,12.0,2017-10-10,False,True,0.0,,,,
河北省,2017-10,,,,,,,21.0,0.0,21.0,0.0,0.0,2.0,2017-10-20,False,True,21.0,,,,
浙江省,2017-10,,,,,,,210.7,0.0,0.0,0.0,210.7,6.0,2017-10-31,False,True,0.0,,,,
湖北省,2017-10,,,,,,,160.02,0.0,160.02,0.0,0.0,14.0,2017-10-13,False,True,160.02,,,,
甘肃省,2017-10,,,,,,,108.0,0.0,108.0,0.0,0.0,15.0,2017-10-17,False,True,108.0,,,,
贵州省,2017-10,,,,,,,400.0,6.34,0.0,0.0,393.66,6.0,2017-10-31,False,True,6.34,,,,
辽宁省,2017-10,,,,,,,325.63,0.0,0.0,0.0,325.63,6.0,2017-10-26,False,True,0.0,,,,
重庆市,2017-10,,,,,,,227.0,0.0,125.0,0.0,102.0,5.0,2017-10-16,False,True,125.0,,,,
青岛市,2017-10,,,,,,,96.9,0.0,60.5,0.0,36.4,9.0,2017-10-20,False,True,60.5,,,,
青海省,2017-10,,,,,,,112.3,0.0,31.0,0.0,81.3,16.0,2017-10-12,False,True,31.0,,,,
上海市,2017-11,,,,,,,373.9,171.0,80.9,0.0,122.0,10.0,2017-11-03,False,True,251.9,,,,
内蒙古自治区,2017-11,,,,,,,141.88,0.0,0.0,0.0,141.88,12.0,2017-11-03,False,True,0.0,,,,
北京市,2017-11,,,,,,,140.71,0.0,0.0,0.0,140.71,4.0,2017-11-30,False,True,0.0,,,,
吉林省,2017-11,,,,,,,33.58,3.24,15.18,0.0,15.16,3.0,2017-11-30,False,True,18.42,,,,
四川省,2017-11,,,,,,,215.68,0.0,100.0,0.0,115.68,25.0,2017-11-20,False,True,100.0,,,,
大连市,2017-11,,,,,,,80.19,0.0,0.0,0.0,80.19,8.0,2017-11-09,False,True,0.0,,,,
宁夏回族自治区,2017-11,,,,,,,27.93,0.0,0.0,0.0,27.93,5.0,2017-11-07,False,True,0.0,,,,
安徽省,2017-11,,,,,,,140.09,0.0,140.09,0.0,0.0,13.0,2017-11-17,False,True,140.09,,,,
山东省,2017-11,,,,,,,210.42,2.6,30.0,0.0,177.82,6.0,2017-11-07,False,True,32.6,,,,
山西省,2017-11,,,,,,,123.62,49.42,41.2,0.0,33.0,7.0,2017-11-10,False,True,90.62,,,,
广东省,2017-11,,,,,,,185.65,0.0,37.0,0.0,148.65,9.0,2017-11-08,False,True,37.0,,,,
广西壮族自治区,2017-11,,,,,,,90.29,7.0,0.0,0.0,83.29,6.0,2017-11-22,False,True,7.0,,,,
新疆维吾尔自治区,2017-11,,,,,,,113.6,5.35,0.0,0.0,108.25,2.0,2017-11-06,False,True,5.35,,,,
江苏省,2017-11,,,,,,,637.3,0.0,0.0,0.0,637.3,6.0,2017-11-02,False,True,0.0,,,,
江西省,2017-11,,,,,,,134.6,4.6,130.0,0.0,0.0,14.0,2017-11-16,False,True,134.6,,,,
河北省,2017-11,,,,,,,126.5,22.9,97.9,0.0,5.7,3.0,2017-11-13,False,True,120.8,,,,
河南省,2017-11,,,,,,,386.11,7.98,1.4,0.0,376.73,6.0,2017-11-13,False,True,9.38,,,,
海南省,2017-11,,,,,,,128.05,0.0,40.0,0.0,88.05,17.0,2017-11-14,False,True,40.0,,,,
湖北省,2017-11,,,,,,,83.0,8.0,75.0,0.0,0.0,3.0,2017-11-24,False,True,83.0,,,,
湖南省,2017-11,,,,,,,738.0,50.0,18.0,0.0,670.0,6.0,2017-11-29,False,True,68.0,,,,
福建省,2017-11,,,,,,,226.24,0.0,0.0,0.0,226.24,7.0,2017-11-16,False,True,0.0,,,,
青海省,2017-11,,,,,,,72.13,6.2,63.0,0.0,2.93,9.0,2017-11-24,False,True,69.2,,,,
黑龙江省,2017-11,,,,,,,131.42,2.5,20.0,0.0,108.92,10.0,2017-11-15,False,True,22.5,,,,
云南省,2017-12,,,,,,,10.0,0.0,10.0,0.0,0.0,1.0,2017-12-26,False,True,10.0,,,,
内蒙古自治区,2017-12,,,,,,,35.0,0.0,35.0,0.0,0.0,14.0,2017-12-15,False,True,35.0,,,,
天津市,2017-12,,,,,,,197.85,12.4,7.6,0.0,177.85,5.0,2017-12-05,False,True,20.0,,,,
河南省,2017-12,,,,,,,19.14,0.0,0.0,0.0,19.14,2.0,2017-12-11,False,True,0.0,,,,
深圳市,2017-12,,,,,,,20.0,0.0,20.0,0.0,0.0,1.0,2017-12-11,False,True,20.0,,,,
湖南省,2017-12,,,,,,,10.0,0.0,10.0,0.0,0.0,1.0,2017-12-26,False,True,10.0,,,,
甘肃省,2017-12,,,,,,,10.7,10.7,0.0,0.0,0.0,2.0,2017-12-08,False,True,10.7,,,,
陕西省,2017-12,,,,,,,10.0,0.0,10.0,0.0,0.0,7.0,2017-12-01,False,True,10.0,,,,
青岛市,2017-12,,,,,,,10.0,0.0,10.0,0.0,0.0,3.0,2017-12-11,False,True,10.0,,,,
四川省,2018-02,,,,,,,157.99,0.0,0.0,0.0,157.99,8.0,2018-02-07,False,True,0.0,,,,
新疆维吾尔自治区,2018-02,,,,,,,38.6,0.0,0.0,0.0,38.6,2.0,2018-02-27,False,True,0.0,,,,
河北省,2018-02,,,,,,,46.46,0.0,0.0,0.0,46.46,3.0,2018-02-28,False,True,0.0,,,,
湖北省,2018-02,,,,,,,42.54,0.0,0.0,0.0,42.54,2.0,2018-02-02,False,True,0.0,,,,
云南省,2018-03,,,,,,,314.9,0.0,0.0,0.0,314.9,11.0,2018-03-22,False,True,0.0,,,,
内蒙古自治区,2018-03,,,,,,,145.5,0.0,0.0,0.0,145.5,6.0,2018-03-13,False,True,0.0,,,,
四川省,2018-03,,,,,,,135.0,0.0,0.0,0.0,135.0,3.0,2018-03-22,False,True,0.0,,,,
安徽省,2018-03,,,,,,,279.78,0.0,0.0,0.0,279.78,6.0,2018-03-28,False,True,0.0,,,,
广西壮族自治区,2018-03,,,,,,,160.51,0.0,0.0,0.0,160.51,6.0,2018-03-07,False,True,0.0,,,,
江西省,2018-03,,,,,,,204.29,0.0,0.0,49.37,154.93,8.0,2018-03-16,False,True,49.37,,,,
河北省,2018-03,,,,,,,134.4,0.0,0.0,0.0,134.4,6.0,2018-03-15,False,True,0.0,,,,
湖北省,2018-03,,,,,,,125.45,0.0,0.0,111.52,13.92,2.0,2018-03-23,False,True,111.52,,,,
贵州省,2018-03,,,,,,,410.0,0.0,0.0,0.0,410.0,4.0,2018-03-13,False,True,0.0,,,,
吉林省,2018-04,,,,,,,51.43,0.0,0.0,0.0,51.43,5.0,2018-04-17,False,True,0.0,,,,
宁夏回族自治区,2018-04,,,,,,,22.94,0.0,0.0,0.0,22.94,1.0,2018-04-12,False,True,0.0,,,,
山东省,2018-04,,,,,,,296.26,0.0,0.0,0.0,296.26,4.0,2018-04-03,False,True,0.0,,,,
山西省,2018-04,,,,,,,130.0,0.0,0.0,13.0,117.0,3.0,2018-04-09,False,True,13.0,,,,
广东省,2018-04,,,,,,,838.57,0.0,0.0,0.0,838.57,9.0,2018-04-10,False,True,0.0,,,,
江苏省,2018-04,,,,,,,75.0,0.0,0.0,75.0,0.0,1.0,2018-04-11,False,True,75.0,,,,
海南省,2018-04,,,,,,,185.82,0.0,0.0,0.0,185.82,4.0,2018-04-17,False,True,0.0,,,,
湖南省,2018-04,,,,,,,371.0,0.0,0.0,0.0,371.0,3.0,2018-04-18,False,True,0.0,,,,
甘肃省,2018-04,,,,,,,66.0,0.0,0.0,20.0,46.0,1.0,2018-04-23,False,True,20.0,,,,
福建省,2018-04,,,,,,,237.65,0.0,0.0,66.7,170.94,14.0,2018-04-09,False,True,66.7,,,,
贵州省,2018-04,,,,,,,324.35,0.0,0.0,0.0,324.35,8.0,2018-04-20,False,True,0.0,,,,
辽宁省,2018-04,,,,,,,210.0,0.0,0.0,0.0,210.0,6.0,2018-04-03,False,True,0.0,,,,
重庆市,2018-04,,,,,,,142.7,0.0,0.0,0.0,142.7,2.0,2018-04-20,False,True,0.0,,,,
黑龙江省,2018-04,,,,,,,66.2,0.0,0.0,0.0,66.2,4.0,2018-04-02,False,True,0.0,,,,
云南省,2018-05,,,,,,,242.3,0.0,0.0,42.69,199.61,4.0,2018-05-22,False,True,42.69,,,,
内蒙古自治区,2018-05,,,,,,,220.23,0.0,0.0,5.21,214.99,6.0,2018-05-30,False,True,5.21,,,,
大连市,2018-05,,,,,,,140.84,0.0,0.0,25.23,115.62,6.0,2018-05-15,False,True,25.23,,,,
安徽省,2018-05,,,,,,,474.16,0.0,0.0,115.35,358.8,5.0,2018-05-31,False,True,115.35,,,,
山东省,2018-05,,,,,,,300.54,0.0,0.0,134.81,165.73,2.0,2018-05-18,False,True,134.81,,,,
广西壮族自治区,2018-05,,,,,,,175.0,0.0,0.0,53.0,122.0,3.0,2018-05-17,False,True,53.0,,,,
新疆维吾尔自治区,2018-05,,,,,,,52.7,0.0,0.0,11.54,41.16,1.0,2018-05-11,False,True,11.54,,,,
江苏省,2018-05,,,,,,,583.9,0.0,0.0,0.0,583.9,4.0,2018-05-18,False,True,0.0,,,,
河北省,2018-05,,,,,,,170.8,0.0,0.0,93.15,77.65,3.0,2018-05-25,False,True,93.15,,,,
湖南省,2018-05,,,,,,,341.0,0.0,0.0,15.43,325.57,5.0,2018-05-21,False,True,15.43,,,,
贵州省,2018-05,,,,,,,240.0,0.0,0.0,68.0,172.0,8.0,2018-05-25,False,True,68.0,,,,
辽宁省,2018-05,,,,,,,128.4,0.0,0.0,70.8,57.6,2.0,2018-05-17,False,True,70.8,,,,
陕西省,2018-05,,,,,,,267.19,0.0,0.0,0.0,267.19,16.0,2018-05-08,False,True,0.0,,,,
青岛市,2018-05,,,,,,,44.37,0.0,0.0,0.0,44.37,3.0,2018-05-21,False,True,0.0,,,,
黑龙江省,2018-05,,,,,,,171.14,171.14,0.0,0.0,0.0,3.0,2018-05-29,False,True,171.14,,,,
吉林省,2018-06,,,,,,,271.07,252.37,0.0,18.7,0.0,3.0,2018-06-14,False,True,271.07,,,,
四川省,2018-06,,,,,,,200.0,0.0,0.0,130.0,70.0,2.0,2018-06-01,False,True,130.0,,,,
天津市,2018-06,,,,,,,320.51,50.49,228.22,15.0,26.8,14.0,2018-06-20,False,True,293.71,,,,
山东省,2018-06,,,,,,,145.26,145.26,0.0,0.0,0.0,1.0,2018-06-19,False,True,145.26,,,,
广东省,2018-06,,,,,,,196.2,0.0,0.0,0.0,196.2,2.0,2018-06-12,False,True,0.0,,,,
广西壮族自治区,2018-06,,,,,,,166.65,69.1,0.0,0.0,97.55,3.0,2018-06-06,False,True,69.1,,,,
新疆维吾尔自治区,2018-06,,,,,,,144.2,0.0,0.0,82.48,61.72,2.0,2018-06-04,False,True,82.48,,,,
河北省,2018-06,,,,,,,354.0,331.2,0.0,22.8,0.0,2.0,2018-06-22,False,True,354.0,,,,
河南省,2018-06,,,,,,,440.45,397.45,0.0,43.0,0.0,3.0,2018-06-11,False,True,440.45,,,,
浙江省,2018-06,,,,,,,332.0,332.0,0.0,0.0,0.0,2.0,2018-06-21,False,True,332.0,,,,
海南省,2018-06,,,,,,,115.0,115.0,0.0,0.0,0.0,4.0,2018-06-22,False,True,115.0,,,,
湖北省,2018-06,,,,,,,141.45,0.0,0.0,79.44,62.03,2.0,2018-06-15,False,True,79.44,,,,
湖南省,2018-06,,,,,,,200.0,200.0,0.0,0.0,0.0,2.0,2018-06-15,False,True,200.0,,,,
甘肃省,2018-06,,,,,,,198.3,141.1,0.0,0.0,57.2,9.0,2018-06-13,False,True,141.1,,,,
贵州省,2018-06,,,,,,,584.73,0.0,0.0,80.0,504.73,10.0,2018-06-25,False,True,80.0,,,,
辽宁省,2018-06,,,,,,,342.0,61.83,0.0,77.3,202.87,8.0,2018-06-05,False,True,139.13,,,,
重庆市,2018-06,,,,,,,297.0,136.0,161.0,0.0,0.0,4.0,2018-06-08,False,True,297.0,,,,
陕西省,2018-06,,,,,,,332.56,332.56,0.0,0.0,0.0,4.0,2018-06-11,False,True,332.56,,,,
青岛市,2018-06,,,,,,,107.04,81.0,23.0,2.8,0.24,3.0,2018-06-25,False,True,106.8,,,,
青海省,2018-06,,,,,,,109.6,100.0,0.0,0.0,9.6,3.0,2018-06-21,False,True,100.0,,,,
黑龙江省,2018-06,,,,,,,345.24,0.0,0.0,50.13,295.11,7.0,2018-06-12,False,True,50.13,,,,
上海市,2018-07,,,,,,,343.3,298.0,29.0,0.0,16.3,6.0,2018-07-19,False,True,327.0,,,,
云南省,2018-07,,,,,,,345.8,345.8,0.0,0.0,0.0,4.0,2018-07-06,False,True,345.8,,,,
内蒙古自治区,2018-07,,,,,,,44.32,0.0,0.0,44.32,0.0,1.0,2018-07-02,False,True,44.32,,,,
北京市,2018-07,,,,,,,296.0,296.0,0.0,0.0,0.0,4.0,2018-07-31,False,True,296.0,,,,
四川省,2018-07,,,,,,,488.11,150.0,0.0,139.0,199.11,5.0,2018-07-02,False,True,289.0,,,,
大连市,2018-07,,,,,,,383.68,0.0,0.0,0.0,383.68,12.0,2018-07-23,False,True,0.0,,,,
宁夏回族自治区,2018-07,,,,,,,211.05,114.05,0.0,0.0,97.0,9.0,2018-07-05,False,True,114.05,,,,
宁波市,2018-07,,,,,,,292.34,0.0,0.0,74.35,218.0,12.0,2018-07-10,False,True,74.35,,,,
安徽省,2018-07,,,,,,,269.58,131.0,90.04,48.54,0.0,3.0,2018-07-20,False,True,269.58,,,,
山西省,2018-07,,,,,,,232.4,120.0,41.4,37.13,33.87,7.0,2018-07-06,False,True,198.53,,,,
广东省,2018-07,,,,,,,681.9,302.9,379.0,0.0,0.0,15.0,2018-07-09,False,True,681.9,,,,
广西壮族自治区,2018-07,,,,,,,399.18,212.66,0.0,105.99,80.52,4.0,2018-07-18,False,True,318.65,,,,
新疆维吾尔自治区,2018-07,,,,,,,355.1,293.5,0.0,6.99,54.61,4.0,2018-07-05,False,True,300.49,,,,
江苏省,2018-07,,,,,,,653.0,294.0,0.0,359.0,0.0,3.0,2018-07-13,False,True,653.0,,,,
江西省,2018-07,,,,,,,474.82,259.93,45.99,116.7,52.2,9.0,2018-07-03,False,True,422.62,,,,
河北省,2018-07,,,,,,,155.81,0.0,155.81,0.0,0.0,14.0,2018-07-24,False,True,155.81,,,,
浙江省,2018-07,,,,,,,151.0,0.0,151.0,0.0,0.0,1.0,2018-07-16,False,True,151.0,,,,
湖北省,2018-07,,,,,,,395.0,365.0,0.0,0.0,30.0,3.0,2018-07-31,False,True,365.0,,,,
湖南省,2018-07,,,,,,,240.4,0.0,0.0,44.0,196.4,3.0,2018-07-12,False,True,44.0,,,,
甘肃省,2018-07,,,,,,,99.12,88.83,0.0,10.29,0.0,3.0,2018-07-23,False,True,99.12,,,,
福建省,2018-07,,,,,,,237.39,145.27,64.0,0.0,28.12,8.0,2018-07-19,False,True,209.27,,,,
贵州省,2018-07,,,,,,,125.0,0.0,0.0,0.0,125.0,3.0,2018-07-27,False,True,0.0,,,,
辽宁省,2018-07,,,,,,,73.86,0.0,17.26,3.28,53.32,4.0,2018-07-17,False,True,20.54,,,,
重庆市,2018-07,,,,,,,174.7,0.0,0.0,174.7,0.0,3.0,2018-07-20,False,True,174.7,,,,
陕西省,2018-07,,,,,,,253.76,0.0,80.0,149.03,24.74,6.0,2018-07-17,False,True,229.03,,,,
黑龙江省,2018-07,,,,,,,192.94,105.94,37.0,0.0,50.0,2.0,2018-07-12,False,True,142.94,,,,
云南省,2018-08,,,,,,,298.5,0.0,163.5,135.0,0.0,7.0,2018-08-10,False,True,298.5,,,,
内蒙古自治区,2018-08,,,,,,,525.08,367.28,0.0,52.74,105.05,7.0,2018-08-22,False,True,420.02,,,,
厦门市,2018-08,,,,,,,100.0,42.0,58.0,0.0,0.0,6.0,2018-08-14,False,True,100.0,,,,
吉林省,2018-08,,,,,,,208.66,0.0,42.0,4.33,162.33,5.0,2018-08-07,False,True,46.33,,,,
四川省,2018-08,,,,,,,396.41,136.0,160.0,0.0,100.41,9.0,2018-08-20,False,True,296.0,,,,
天津市,2018-08,,,,,,,467.13,0.0,229.8,37.29,200.04,18.0,2018-08-10,False,True,267.09,,,,
安徽省,2018-08,,,,,,,441.81,0.0,0.0,110.62,331.19,7.0,2018-08-29,False,True,110.62,,,,
山东省,2018-08,,,,,,,949.67,0.0,523.21,351.33,75.13,5.0,2018-08-06,False,True,874.54,,,,
广东省,2018-08,,,,,,,609.2,0.0,535.0,0.0,74.2,15.0,2018-08-16,False,True,535.0,,,,
广西壮族自治区,2018-08,,,,,,,387.39,0.0,263.0,68.45,55.94,6.0,2018-08-28,False,True,331.45,,,,
新疆维吾尔自治区,2018-08,,,,,,,235.6,0.0,140.8,24.98,69.82,11.0,2018-08-16,False,True,165.78,,,,
江苏省,2018-08,,,,,,,597.0,0.0,597.0,0.0,0.0,3.0,2018-08-17,False,True,597.0,,,,
河北省,2018-08,,,,,,,533.9,20.6,126.2,196.9,190.2,11.0,2018-08-23,False,True,343.7,,,,
河南省,2018-08,,,,,,,348.95,0.0,257.82,65.96,25.17,21.0,2018-08-09,False,True,323.78,,,,
浙江省,2018-08,,,,,,,706.28,0.0,309.3,108.28,288.7,8.0,2018-08-21,False,True,417.58,,,,
海南省,2018-08,,,,,,,127.05,0.0,34.0,19.0,74.05,7.0,2018-08-20,False,True,53.0,,,,
湖北省,2018-08,,,,,,,229.86,0.0,229.86,0.0,0.0,3.0,2018-08-31,False,True,229.86,,,,
湖南省,2018-08,,,,,,,247.19,227.19,0.0,0.0,20.0,3.0,2018-08-14,False,True,227.19,,,,
甘肃省,2018-08,,,,,,,105.8,0.0,69.0,18.33,18.47,3.0,2018-08-24,False,True,87.33,,,,
贵州省,2018-08,,,,,,,194.65,46.0,0.0,104.0,44.65,3.0,2018-08-21,False,True,150.0,,,,
重庆市,2018-08,,,,,,,300.0,0.0,300.0,0.0,0.0,3.0,2018-08-24,False,True,300.0,,,,
陕西省,2018-08,,,,,,,285.03,0.0,13.0,171.96,100.07,13.0,2018-08-15,False,True,184.96,,,,
青岛市,2018-08,,,,,,,109.35,0.0,55.0,26.02,28.33,4.0,2018-08-27,False,True,81.02,,,,
青海省,2018-08,,,,,,,129.59,0.0,14.0,96.5,19.09,7.0,2018-08-29,False,True,110.5,,,,
黑龙江省,2018-08,,,,,,,295.62,0.0,167.0,0.0,128.62,9.0,2018-08-13,False,True,167.0,,,,
上海市,2018-09,,,,,,,362.6,0.0,265.0,97.6,0.0,8.0,2018-09-14,False,True,362.6,,,,
云南省,2018-09,,,,,,,154.5,0.0,154.5,0.0,0.0,5.0,2018-09-19,False,True,154.5,,,,
内蒙古自治区,2018-09,,,,,,,148.23,0.0,148.23,0.0,0.0,8.0,2018-09-04,False,True,148.23,,,,
北京市,2018-09,,,,,,,270.0,0.0,270.0,0.0,0.0,5.0,2018-09-14,False,True,270.0,,,,
四川省,2018-09,,,,,,,515.8,152.29,363.51,0.0,0.0,14.0,2018-09-17,False,True,515.8,,,,
大连市,2018-09,,,,,,,58.0,51.0,7.0,0.0,0.0,4.0,2018-09-11,False,True,58.0,,,,
天津市,2018-09,,,,,,,49.96,0.0,49.96,0.0,0.0,4.0,2018-09-06,False,True,49.96,,,,
宁夏回族自治区,2018-09,,,,,,,84.95,0.0,71.0,13.95,0.0,7.0,2018-09-13,False,True,84.95,,,,
宁波市,2018-09,,,,,,,90.0,12.0,78.0,0.0,0.0,7.0,2018-09-17,False,True,90.0,,,,
安徽省,2018-09,,,,,,,758.25,0.0,758.25,0.0,0.0,5.0,2018-09-27,False,True,758.25,,,,
山东省,2018-09,,,,,,,441.68,0.0,433.79,7.89,0.0,5.0,2018-09-11,False,True,441.68,,,,
山西省,2018-09,,,,,,,223.43,77.89,145.54,0.0,0.0,10.0,2018-09-10,False,True,223.43,,,,
广东省,2018-09,,,,,,,70.42,0.0,0.0,70.42,0.0,2.0,2018-09-20,False,True,70.42,,,,
广西壮族自治区,2018-09,,,,,,,98.66,47.66,51.0,0.0,0.0,5.0,2018-09-19,False,True,98.66,,,,
新疆维吾尔自治区,2018-09,,,,,,,122.2,0.0,122.2,0.0,0.0,5.0,2018-09-21,False,True,122.2,,,,
江苏省,2018-09,,,,,,,740.2,0.0,740.2,0.0,0.0,4.0,2018-09-21,False,True,740.2,,,,
江西省,2018-09,,,,,,,391.0,0.0,391.0,0.0,0.0,2.0,2018-09-14,False,True,391.0,,,,
河北省,2018-09,,,,,,,427.99,0.0,362.99,65.0,0.0,4.0,2018-09-18,False,True,427.99,,,,
河南省,2018-09,,,,,,,432.46,2.71,357.17,72.58,0.0,7.0,2018-09-21,False,True,432.46,,,,
浙江省,2018-09,,,,,,,218.7,0.0,218.7,0.0,0.0,2.0,2018-09-12,False,True,218.7,,,,
海南省,2018-09,,,,,,,108.0,0.0,108.0,0.0,0.0,3.0,2018-09-20,False,True,108.0,,,,
深圳市,2018-09,,,,,,,52.4,13.0,39.4,0.0,0.0,8.0,2018-09-11,False,True,52.4,,,,
湖北省,2018-09,,,,,,,412.14,0.0,412.14,0.0,0.0,7.0,2018-09-18,False,True,412.14,,,,
湖南省,2018-09,,,,,,,340.0,0.0,340.0,0.0,0.0,4.0,2018-09-20,False,True,340.0,,,,
甘肃省,2018-09,,,,,,,135.0,0.0,135.0,0.0,0.0,2.0,2018-09-14,False,True,135.0,,,,
福建省,2018-09,,,,,,,419.0,0.0,419.0,0.0,0.0,6.0,2018-09-20,False,True,419.0,,,,
贵州省,2018-09,,,,,,,25.61,0.0,8.0,17.61,0.0,2.0,2018-09-14,False,True,25.61,,,,
辽宁省,2018-09,,,,,,,96.29,0.0,0.0,96.29,0.0,2.0,2018-09-13,False,True,96.29,,,,
陕西省,2018-09,,,,,,,165.0,0.0,165.0,0.0,0.0,5.0,2018-09-18,False,True,165.0,,,,
青岛市,2018-09,,,,,,,40.0,0.0,40.0,0.0,0.0,3.0,2018-09-26,False,True,40.0,,,,
青海省,2018-09,,,,,,,33.0,0.0,33.0,0.0,0.0,5.0,2018-09-13,False,True,33.0,,,,
云南省,2018-10,,,,,,,211.2,0.0,0.0,211.2,0.0,2.0,2018-10-16,False,True,211.2,,,,
内蒙古自治区,2018-10,,,,,,,29.89,0.0,0.77,29.12,0.0,3.0,2018-10-23,False,True,29.89,,,,
北京市,2018-10,,,,,,,78.87,0.0,0.0,78.87,0.0,6.0,2018-10-31,False,True,78.87,,,,
吉林省,2018-10,,,,,,,264.41,2.32,186.0,76.09,0.0,7.0,2018-10-24,False,True,264.41,,,,
四川省,2018-10,,,,,,,250.42,0.0,103.49,146.93,0.0,19.0,2018-10-16,False,True,250.42,,,,
天津市,2018-10,,,,,,,117.99,32.51,80.0,5.48,0.0,6.0,2018-10-11,False,True,117.99,,,,
宁夏回族自治区,2018-10,,,,,,,86.85,0.0,17.0,69.85,0.0,6.0,2018-10-09,False,True,86.85,,,,
安徽省,2018-10,,,,,,,24.32,0.0,24.32,0.0,0.0,2.0,2018-10-30,False,True,24.32,,,,
山东省,2018-10,,,,,,,1.0,1.0,0.0,0.0,0.0,1.0,2018-10-24,False,True,1.0,,,,
山西省,2018-10,,,,,,,96.09,16.51,48.07,31.51,0.0,5.0,2018-10-31,False,True,96.09,,,,
广西壮族自治区,2018-10,,,,,,,6.29,6.29,0.0,0.0,0.0,1.0,2018-10-30,False,True,6.29,,,,
新疆生产建设兵团,2018-10,,,,,,,60.0,40.0,20.0,0.0,0.0,3.0,2018-10-30,False,True,60.0,,,,
新疆维吾尔自治区,2018-10,,,,,,,44.4,44.4,0.0,0.0,0.0,1.0,2018-10-18,False,True,44.4,,,,
江苏省,2018-10,,,,,,,32.8,0.0,32.8,0.0,0.0,1.0,2018-10-24,False,True,32.8,,,,
河南省,2018-10,,,,,,,104.01,0.0,0.0,104.01,0.0,2.0,2018-10-26,False,True,104.01,,,,
浙江省,2018-10,,,,,,,213.37,0.0,0.0,213.37,0.0,3.0,2018-10-18,False,True,213.37,,,,
湖南省,2018-10,,,,,,,106.91,0.0,67.0,39.91,0.0,2.0,2018-10-10,False,True,106.91,,,,
西藏自治区,2018-10,,,,,,,54.98,32.37,12.73,5.1,4.78,6.0,2018-10-18,False,True,50.2,,,,
贵州省,2018-10,,,,,,,118.37,14.37,4.0,100.0,0.0,3.0,2018-10-26,False,True,118.37,,,,
辽宁省,2018-10,,,,,,,277.21,49.9,10.74,216.57,0.0,7.0,2018-10-16,False,True,277.21,,,,
重庆市,2018-10,,,,,,,100.0,0.0,100.0,0.0,0.0,2.0,2018-10-19,False,True,100.0,,,,
青岛市,2018-10,,,,,,,22.0,0.0,22.0,0.0,0.0,2.0,2018-10-26,False,True,22.0,,,,
青海省,2018-10,,,,,,,102.6,102.6,0.0,0.0,0.0,2.0,2018-10-16,False,True,102.6,,,,
黑龙江省,2018-10,,,,,,,156.34,3.84,0.0,152.51,0.0,1.0,2018-10-23,False,True,156.35,,,,
内蒙古自治区,2018-11,,,,,,,31.04,0.0,0.0,31.04,0.0,2.0,2018-11-27,False,True,31.04,,,,
四川省,2018-11,,,,,,,40.0,0.0,0.0,40.0,0.0,1.0,2018-11-08,False,True,40.0,,,,
大连市,2018-11,,,,,,,38.85,0.0,0.0,38.85,0.0,2.0,2018-11-13,False,True,38.85,,,,
宁波市,2018-11,,,,,,,42.31,0.0,0.0,42.31,0.0,4.0,2018-11-20,False,True,42.31,,,,
江西省,2018-11,,,,,,,3.27,3.27,0.0,0.0,0.0,1.0,2018-11-16,False,True,3.27,,,,
湖北省,2018-11,,,,,,,4.7,4.7,0.0,0.0,0.0,1.0,2018-11-22,False,True,4.7,,,,
湖南省,2018-11,,,,,,,146.47,0.0,0.0,146.47,0.0,2.0,2018-11-14,False,True,146.47,,,,
贵州省,2018-11,,,,,,,122.5,3.66,0.0,118.84,0.0,2.0,2018-11-20,False,True,122.5,,,,
辽宁省,2018-11,,,,,,,30.28,30.28,0.0,0.0,0.0,1.0,2018-11-29,False,True,30.28,,,,
天津市,2018-12,,,,,,,25.0,0.0,25.0,0.0,0.0,3.0,2018-12-27,False,True,25.0,,,,
山东省,2018-12,,,,,,,38.56,0.0,0.0,0.0,38.56,2.0,2018-12-25,False,True,0.0,,,,
广东省,2018-12,,,,,,,85.0,0.0,85.0,0.0,0.0,3.0,2018-12-20,False,True,85.0,,,,
广西壮族自治区,2018-12,,,,,,,9.4,0.0,0.0,0.0,9.4,2.0,2018-12-27,False,True,0.0,,,,
新疆维吾尔自治区,2018-12,,,,,,,20.0,0.0,20.0,0.0,0.0,2.0,2018-12-24,False,True,20.0,,,,
江西省,2018-12,,,,,,,9.02,0.0,0.0,0.0,9.02,2.0,2018-12-27,False,True,0.0,,,,
河北省,2018-12,,,,,,,300.0,150.0,150.0,0.0,0.0,5.0,2018-12-19,False,True,300.0,,,,
浙江省,2018-12,,,,,,,40.6,0.0,40.6,0.0,0.0,2.0,2018-12-27,False,True,40.6,,,,
青岛市,2018-12,,,,,,,0.56,0.0,0.0,0.0,0.56,2.0,2018-12-27,False,True,0.0,,,,
青海省,2018-12,,,,,,,98.98,4.18,0.0,0.0,94.8,2.0,2018-12-24,False,True,4.18,,,,
黑龙江省,2018-12,,,,,,,11.0,0.0,0.0,0.0,11.0,2.0,2018-12-28,False,True,0.0,,,,
云南省,2019-01,,,,,,,446.0,255.0,191.0,0.0,0.0,6.0,2019-01-28,False,True,446.0,,,,
内蒙古自治区,2019-01,,,,,,,100.0,100.0,0.0,0.0,0.0,1.0,2019-01-31,False,True,100.0,,,,
北京市,2019-01,,,,,,,133.95,132.0,0.0,1.95,0.0,4.0,2019-01-31,False,True,133.95,,,,
厦门市,2019-01,,,,,,,29.0,29.0,0.0,0.0,0.0,3.0,2019-01-30,False,True,29.0,,,,
四川省,2019-01,,,,,,,207.18,100.0,107.18,0.0,0.0,19.0,2019-01-29,False,True,207.18,,,,
天津市,2019-01,,,,,,,297.0,46.0,251.0,0.0,0.0,11.0,2019-01-25,False,True,297.0,,,,
安徽省,2019-01,,,,,,,150.18,104.0,0.0,46.18,0.0,1.0,2019-01-30,False,True,150.18,,,,
山东省,2019-01,,,,,,,245.18,0.0,57.25,187.93,0.0,5.0,2019-01-24,False,True,245.18,,,,
广东省,2019-01,,,,,,,350.0,144.0,206.0,0.0,0.0,7.0,2019-01-31,False,True,350.0,,,,
广西壮族自治区,2019-01,,,,,,,58.0,58.0,0.0,0.0,0.0,1.0,2019-01-31,False,True,58.0,,,,
新疆生产建设兵团,2019-01,2020-07-16,28.0,12.0,0.0,40.0,https://www.celma.org.cn/dfzfxjh/48115.jhtml,40.0,28.0,12.0,0.0,0.0,4.0,2019-01-23,True,True,40.0,-367.0,False,0.0,1.0
新疆维吾尔自治区,2019-01,,,,,,,100.0,100.0,0.0,0.0,0.0,1.0,2019-01-21,False,True,100.0,,,,
江苏省,2019-01,,,,,,,195.0,195.0,0.0,0.0,0.0,1.0,2019-01-31,False,True,195.0,,,,
江西省,2019-01,,,,,,,244.17,189.0,0.0,55.17,0.0,5.0,2019-01-29,False,True,244.17,,,,
河北省,2019-01,2020-12-17,0.0,30.0,23.15,53.15,https://www.celma.org.cn/dfzfxjh/49969.jhtml,53.15,0.0,30.0,23.15,0.0,2.0,2019-01-25,True,True,53.15,-471.0,False,0.0,1.0
河南省,2019-01,,,,,,,453.24,165.0,288.24,0.0,0.0,7.0,2019-01-22,False,True,453.24,,,,
浙江省,2019-01,,,,,,,463.0,232.0,231.0,0.0,0.0,3.0,2019-01-31,False,True,463.0,,,,
海南省,2019-01,,,,,,,81.0,81.0,0.0,0.0,0.0,2.0,2019-01-31,False,True,81.0,,,,
深圳市,2019-01,,,,,,,9.0,9.0,0.0,0.0,0.0,1.0,2019-01-30,False,True,9.0,,,,
湖北省,2019-01,,,,,,,197.63,0.0,18.0,179.63,0.0,2.0,2019-01-29,False,True,197.63,,,,
甘肃省,2019-01,,,,,,,77.0,57.0,20.0,0.0,0.0,2.0,2019-01-30,False,True,77.0,,,,
福建省,2019-01,,,,,,,107.0,107.0,0.0,0.0,0.0,3.0,2019-01-24,False,True,107.0,,,,
贵州省,2019-01,,,,,,,51.0,51.0,0.0,0.0,0.0,1.0,2019-01-28,False,True,51.0,,,,
陕西省,2019-01,,,,,,,35.0,35.0,0.0,0.0,0.0,1.0,2019-01-30,False,True,35.0,,,,
青岛市,2019-01,,,,,,,57.0,57.0,0.0,0.0,0.0,2.0,2019-01-28,False,True,57.0,,,,
上海市,2019-02,,,,,,,385.0,209.0,176.0,0.0,0.0,3.0,2019-02-21,False,True,385.0,,,,
内蒙古自治区,2019-02,,,,,,,136.0,136.0,0.0,0.0,0.0,1.0,2019-02-28,False,True,136.0,,,,
四川省,2019-02,,,,,,,271.52,100.0,105.3,66.22,0.0,15.0,2019-02-25,False,True,271.52,,,,
宁夏回族自治区,2019-02,,,,,,,85.0,85.0,0.0,0.0,0.0,2.0,2019-02-28,False,True,85.0,,,,
宁波市,2019-02,,,,,,,28.0,8.0,20.0,0.0,0.0,2.0,2019-02-27,False,True,28.0,,,,
山东省,2019-02,2019-01-18,,,,,https://www.celma.org.cn/dfzfxjh/48535.jhtml,411.67,106.0,256.94,48.73,0.0,7.0,2019-02-22,True,True,411.67,22.0,True,,
山西省,2019-02,,,,,,,164.51,118.7,45.81,0.0,0.0,11.0,2019-02-21,False,True,164.51,,,,
广东省,2019-02,,,,,,,533.21,191.2,342.01,0.0,0.0,11.0,2019-02-20,False,True,533.21,,,,
广西壮族自治区,2019-02,,,,,,,200.0,105.0,95.0,0.0,0.0,3.0,2019-02-26,False,True,200.0,,,,
新疆维吾尔自治区,2019-02,,,,,,,140.3,39.9,100.4,0.0,0.0,4.0,2019-02-21,False,True,140.3,,,,
河北省,2019-02,2020-12-17,0.0,0.0,0.0,0.0,https://www.celma.org.cn/dfzfxjh/49970.jhtml,,,,,,,,True,False,,,False,,
湖北省,2019-02,,,,,,,346.05,0.0,346.05,0.0,0.0,11.0,2019-02-28,False,True,346.05,,,,
湖南省,2019-02,,,,,,,200.0,200.0,0.0,0.0,0.0,1.0,2019-02-21,False,True,200.0,,,,
甘肃省,2019-02,,,,,,,88.89,88.89,0.0,0.0,0.0,1.0,2019-02-27,False,True,88.89,,,,
辽宁省,2019-02,,,,,,,258.79,22.79,9.0,227.0,0.0,2.0,2019-02-22,False,True,258.79,,,,
重庆市,2019-02,,,,,,,256.0,60.0,170.0,26.0,0.0,5.0,2019-02-26,False,True,256.0,,,,
陕西省,2019-02,,,,,,,204.0,204.0,0.0,0.0,0.0,2.0,2019-02-26,False,True,204.0,,,,
青海省,2019-02,,,,,,,50.0,50.0,0.0,0.0,0.0,1.0,2019-02-26,False,True,50.0,,,,
云南省,2019-03,,,,,,,20.2,0.0,0.0,20.2,0.0,2.0,2019-03-19,False,True,20.2,,,,
内蒙古自治区,2019-03,,,,,,,62.79,0.0,0.0,62.79,0.0,1.0,2019-03-12,False,True,62.79,,,,
北京市,2019-03,,,,,,,162.0,0.0,162.0,0.0,0.0,5.0,2019-03-29,False,True,162.0,,,,
厦门市,2019-03,,,,,,,35.0,0.0,35.0,0.0,0.0,1.0,2019-03-21,False,True,35.0,,,,
吉林省,2019-03,,,,,,,205.0,180.0,0.0,25.0,0.0,2.0,2019-03-26,False,True,205.0,,,,
四川省,2019-03,,,,,,,408.85,111.0,163.52,134.33,0.0,25.0,2019-03-25,False,True,408.85,,,,
大连市,2019-03,,,,,,,20.0,18.0,2.0,0.0,0.0,2.0,2019-03-19,False,True,20.0,,,,
天津市,2019-03,,,,,,,108.27,12.0,86.3,9.97,0.0,7.0,2019-03-07,False,True,108.27,,,,
宁夏回族自治区,2019-03,,,,,,,73.62,0.0,53.0,20.62,0.0,9.0,2019-03-25,False,True,73.62,,,,
宁波市,2019-03,,,,,,,20.0,0.0,20.0,0.0,0.0,2.0,2019-03-22,False,True,20.0,,,,
安徽省,2019-03,,,,,,,514.19,0.0,514.19,0.0,0.0,3.0,2019-03-29,False,True,514.19,,,,
山东省,2019-03,2019-02-20,,,,,https://www.celma.org.cn/dfzfxjh/48536.jhtml,155.05,0.0,77.43,77.62,0.0,8.0,2019-03-27,True,True,155.05,25.0,True,,
广西壮族自治区,2019-03,,,,,,,203.37,81.0,93.0,29.37,0.0,6.0,2019-03-28,False,True,203.37,,,,
新疆维吾尔自治区,2019-03,,,,,,,256.1,102.1,57.6,96.4,0.0,5.0,2019-03-14,False,True,256.1,,,,
江苏省,2019-03,,,,,,,818.0,0.0,818.0,0.0,0.0,6.0,2019-03-15,False,True,818.0,,,,
江西省,2019-03,,,,,,,303.34,0.0,262.0,41.34,0.0,5.0,2019-03-20,False,True,303.34,,,,
河北省,2019-03,2020-12-17,0.0,263.1,88.6,351.7,https://www.celma.org.cn/dfzfxjh/49971.jhtml,351.7,0.0,263.1,88.6,0.0,8.0,2019-03-14,True,True,351.7,-440.0,False,0.0,1.0
河南省,2019-03,,,,,,,274.57,81.98,78.7,113.89,0.0,6.0,2019-03-13,False,True,274.57,,,,
浙江省,2019-03,,,,,,,361.7,0.0,176.0,185.7,0.0,5.0,2019-03-22,False,True,361.7,,,,
深圳市,2019-03,,,,,,,126.0,0.0,126.0,0.0,0.0,13.0,2019-03-28,False,True,126.0,,,,
湖北省,2019-03,,,,,,,399.5,261.0,0.0,138.5,0.0,3.0,2019-03-15,False,True,399.5,,,,
湖南省,2019-03,,,,,,,153.0,103.0,50.0,0.0,0.0,2.0,2019-03-21,False,True,153.0,,,,
甘肃省,2019-03,,,,,,,57.26,23.11,34.15,0.0,0.0,2.0,2019-03-25,False,True,57.26,,,,
福建省,2019-03,,,,,,,290.0,0.0,290.0,0.0,0.0,8.0,2019-03-14,False,True,290.0,,,,
西藏自治区,2019-03,,,,,,,20.0,13.0,7.0,0.0,0.0,3.0,2019-03-28,False,True,20.0,,,,
贵州省,2019-03,,,,,,,7.0,0.0,7.0,0.0,0.0,1.0,2019-03-21,False,True,7.0,,,,
辽宁省,2019-03,,,,,,,165.4,16.36,0.0,149.04,0.0,2.0,2019-03-28,False,True,165.4,,,,
陕西省,2019-03,,,,,,,155.0,0.0,155.0,0.0,0.0,6.0,2019-03-27,False,True,155.0,,,,
青岛市,2019-03,,,,,,,45.0,0.0,45.0,0.0,0.0,6.0,2019-03-25,False,True,45.0,,,,
青海省,2019-03,,,,,,,141.95,100.0,6.0,35.95,0.0,3.0,2019-03-27,False,True,141.95,,,,
黑龙江省,2019-03,,,,,,,331.28,201.0,0.0,130.28,0.0,3.0,2019-03-15,False,True,331.28,,,,
内蒙古自治区,2019-04,,,,,,,89.0,0.0,89.0,0.0,0.0,8.0,2019-04-09,False,True,89.0,,,,
吉林省,2019-04,,,,,,,116.09,0.0,116.09,0.0,0.0,6.0,2019-04-16,False,True,116.09,,,,
大连市,2019-04,,,,,,,21.0,6.0,15.0,0.0,0.0,2.0,2019-04-29,False,True,21.0,,,,
山东省,2019-04,2019-03-20,,,,,https://www.celma.org.cn/dfzfxjh/48537.jhtml,,,,,,,,True,False,,,True,,
山西省,2019-04,,,,,,,155.9,35.3,95.19,25.41,0.0,12.0,2019-04-11,False,True,155.9,,,,
广东省,2019-04,,,,,,,75.17,0.0,0.0,75.17,0.0,2.0,2019-04-25,False,True,75.17,,,,
江苏省,2019-04,,,,,,,344.6,0.0,0.0,344.6,0.0,2.0,2019-04-16,False,True,344.6,,,,
河北省,2019-04,2020-12-17,262.0,0.0,0.0,262.0,https://www.celma.org.cn/dfzfxjh/49972.jhtml,262.0,262.0,0.0,0.0,0.0,2.0,2019-04-09,True,True,262.0,-423.0,False,0.0,1.0
海南省,2019-04,,,,,,,108.82,0.0,53.0,55.82,0.0,5.0,2019-04-26,False,True,108.82,,,,
湖南省,2019-04,,,,,,,157.89,0.0,118.56,39.33,0.0,4.0,2019-04-25,False,True,157.89,,,,
甘肃省,2019-04,,,,,,,89.53,0.0,45.53,44.0,0.0,2.0,2019-04-12,False,True,89.53,,,,
贵州省,2019-04,,,,,,,160.0,0.0,0.0,160.0,0.0,2.0,2019-04-01,False,True,160.0,,,,
辽宁省,2019-04,,,,,,,93.81,32.82,0.0,60.99,0.0,2.0,2019-04-25,False,True,93.81,,,,
陕西省,2019-04,,,,,,,368.8,0.0,0.0,368.8,0.0,3.0,2019-04-23,False,True,368.8,,,,
黑龙江省,2019-04,,,,,,,224.15,120.0,104.15,0.0,0.0,2.0,2019-04-15,False,True,224.15,,,,
内蒙古自治区,2019-05,,,,,,,45.34,0.0,0.0,45.34,0.0,1.0,2019-05-23,False,True,45.34,,,,
四川省,2019-05,,,,,,,471.42,0.0,303.01,168.41,0.0,25.0,2019-05-06,False,True,471.42,,,,
天津市,2019-05,,,,,,,152.83,15.0,85.0,52.83,0.0,6.0,2019-05-10,False,True,152.83,,,,
宁夏回族自治区,2019-05,,,,,,,18.83,0.0,0.0,18.83,0.0,2.0,2019-05-16,False,True,18.83,,,,
宁波市,2019-05,,,,,,,67.0,0.0,7.0,60.0,0.0,5.0,2019-05-22,False,True,67.0,,,,
山东省,2019-05,2019-04-19,,,,,https://www.celma.org.cn/dfzfxjh/48538.jhtml,283.82,0.0,182.38,101.44,0.0,3.0,2019-05-16,True,True,283.82,18.0,True,,
广东省,2019-05,,,,,,,352.94,0.0,352.94,0.0,0.0,14.0,2019-05-29,False,True,352.94,,,,
广西壮族自治区,2019-05,,,,,,,345.21,91.08,150.0,104.13,0.0,2.0,2019-05-28,False,True,345.21,,,,
新疆维吾尔自治区,2019-05,,,,,,,201.0,31.0,170.0,0.0,0.0,2.0,2019-05-23,False,True,201.0,,,,
河北省,2019-05,2019-04-22,0.0,0.0,144.6,144.6,https://www.celma.org.cn/dfzfxjh/40993.jhtml,144.6,0.0,0.0,144.6,0.0,1.0,2019-05-13,True,True,144.6,14.0,False,0.0,1.0
河南省,2019-05,,,,,,,143.5,0.0,0.0,143.5,0.0,2.0,2019-05-24,False,True,143.5,,,,
湖北省,2019-05,,,,,,,102.97,0.0,0.0,102.97,0.0,2.0,2019-05-31,False,True,102.97,,,,
福建省,2019-05,,,,,,,112.94,0.0,0.0,112.94,0.0,1.0,2019-05-16,False,True,112.94,,,,
贵州省,2019-05,,,,,,,114.32,0.0,0.0,114.32,0.0,1.0,2019-05-28,False,True,114.32,,,,
辽宁省,2019-05,,,,,,,137.91,0.0,0.0,137.91,0.0,1.0,2019-05-28,False,True,137.91,,,,
青岛市,2019-05,,,,,,,45.8,0.0,29.4,16.4,0.0,4.0,2019-05-20,False,True,45.8,,,,
青海省,2019-05,,,,,,,85.02,0.0,22.0,63.02,0.0,3.0,2019-05-14,False,True,85.02,,,,
黑龙江省,2019-05,,,,,,,100.6,100.6,0.0,0.0,0.0,1.0,2019-05-30,False,True,100.6,,,,
上海市,2019-06,,,,,,,532.0,33.0,499.0,0.0,0.0,6.0,2019-06-17,False,True,532.0,,,,
云南省,2019-06,,,,,,,111.9,111.9,0.0,0.0,0.0,1.0,2019-06-24,False,True,111.9,,,,
内蒙古自治区,2019-06,,,,,,,138.89,36.22,0.0,102.66,0.0,2.0,2019-06-18,False,True,138.88,,,,
北京市,2019-06,,,,,,,954.19,0.0,813.0,141.19,0.0,19.0,2019-06-11,False,True,954.19,,,,
吉林省,2019-06,,,,,,,119.39,88.42,7.6,23.37,0.0,4.0,2019-06-11,False,True,119.39,,,,
四川省,2019-06,,,,,,,336.6,153.91,47.8,134.89,0.0,12.0,2019-06-03,False,True,336.6,,,,
大连市,2019-06,,,,,,,13.18,0.0,0.0,13.18,0.0,2.0,2019-06-13,False,True,13.18,,,,
天津市,2019-06,,,,,,,165.0,5.0,160.0,0.0,0.0,10.0,2019-06-06,False,True,165.0,,,,
宁夏回族自治区,2019-06,,,,,,,44.38,0.0,24.38,20.0,0.0,2.0,2019-06-12,False,True,44.38,,,,
安徽省,2019-06,,,,,,,193.15,43.98,12.24,136.93,0.0,3.0,2019-06-17,False,True,193.15,,,,
山东省,2019-06,2019-05-20,,,,,https://www.celma.org.cn/dfzfxjh/48539.jhtml,404.81,41.51,309.79,53.51,0.0,8.0,2019-06-25,True,True,404.81,25.0,True,,
山西省,2019-06,,,,,,,158.37,60.39,50.02,47.96,0.0,11.0,2019-06-13,False,True,158.37,,,,
广东省,2019-06,,,,,,,611.06,0.0,611.06,0.0,0.0,18.0,2019-06-17,False,True,611.06,,,,
广西壮族自治区,2019-06,,,,,,,188.0,0.0,188.0,0.0,0.0,7.0,2019-06-19,False,True,188.0,,,,
新疆维吾尔自治区,2019-06,,,,,,,232.3,36.0,128.3,68.0,0.0,5.0,2019-06-27,False,True,232.3,,,,
江苏省,2019-06,,,,,,,546.0,127.0,419.0,0.0,0.0,4.0,2019-06-28,False,True,546.0,,,,
江西省,2019-06,,,,,,,254.88,110.43,144.45,0.0,0.0,6.0,2019-06-18,False,True,254.88,,,,
河北省,2019-06,2020-12-17,129.64,263.87,44.1,437.61,https://www.celma.org.cn/dfzfxjh/49974.jhtml,437.61,129.64,263.87,44.1,0.0,6.0,2019-06-06,True,True,437.61,-382.0,False,0.0,1.0
河南省,2019-06,,,,,,,515.2,134.81,313.65,66.74,0.0,4.0,2019-06-14,False,True,515.2,,,,
浙江省,2019-06,,,,,,,590.5,158.0,320.0,112.5,0.0,6.0,2019-06-20,False,True,590.5,,,,
海南省,2019-06,,,,,,,123.5,55.0,68.5,0.0,0.0,7.0,2019-06-13,False,True,123.5,,,,
深圳市,2019-06,,,,,,,176.0,2.0,174.0,0.0,0.0,8.0,2019-06-17,False,True,176.0,,,,
湖北省,2019-06,,,,,,,93.37,15.0,29.67,48.7,0.0,3.0,2019-06-24,False,True,93.37,,,,
湖南省,2019-06,,,,,,,439.81,0.0,75.44,364.37,0.0,6.0,2019-06-11,False,True,439.81,,,,
甘肃省,2019-06,2019-11-08,,,,,https://www.celma.org.cn/dfzfxjh/45879.jhtml,321.25,80.53,185.72,55.0,0.0,5.0,2019-06-04,True,True,321.25,-108.0,False,,
福建省,2019-06,,,,,,,179.87,67.87,112.0,0.0,0.0,3.0,2019-06-20,False,True,179.87,,,,
贵州省,2019-06,,,,,,,310.36,195.69,0.0,0.0,114.67,3.0,2019-06-25,False,True,195.69,,,,
辽宁省,2019-06,,,,,,,31.26,0.0,1.26,30.0,0.0,2.0,2019-06-24,False,True,31.26,,,,
重庆市,2019-06,,,,,,,442.3,106.0,191.3,145.0,0.0,5.0,2019-06-12,False,True,442.3,,,,
陕西省,2019-06,,,,,,,228.02,110.6,117.42,0.0,0.0,4.0,2019-06-24,False,True,228.02,,,,
黑龙江省,2019-06,,,,,,,102.38,0.0,0.0,102.38,0.0,1.0,2019-06-24,False,True,102.38,,,,
云南省,2019-07,,,,,,,369.71,0.0,122.0,247.71,0.0,6.0,2019-07-24,False,True,369.71,,,,
内蒙古自治区,2019-07,,,,,,,260.5,111.6,148.9,0.0,0.0,9.0,2019-07-29,False,True,260.5,,,,
厦门市,2019-07,,,,,,,101.0,0.0,101.0,0.0,0.0,3.0,2019-07-17,False,True,101.0,,,,
吉林省,2019-07,,,,,,,79.02,0.0,79.02,0.0,0.0,4.0,2019-07-24,False,True,79.02,,,,
四川省,2019-07,,,,,,,414.08,0.0,253.21,160.87,0.0,21.0,2019-07-26,False,True,414.08,,,,
天津市,2019-07,,,,,,,104.5,0.0,104.5,0.0,0.0,6.0,2019-07-09,False,True,104.5,,,,
宁夏回族自治区,2019-07,,,,,,,82.27,28.98,53.29,0.0,0.0,10.0,2019-07-17,False,True,82.27,,,,
宁波市,2019-07,,,,,,,68.0,4.0,64.0,0.0,0.0,4.0,2019-07-17,False,True,68.0,,,,
安徽省,2019-07,,,,,,,240.16,0.0,178.0,62.16,0.0,4.0,2019-07-31,False,True,240.16,,,,
山东省,2019-07,2019-06-20,,,,,https://www.celma.org.cn/dfzfxjh/48540.jhtml,216.89,0.0,216.89,0.0,0.0,8.0,2019-07-26,True,True,216.89,26.0,True,,
山西省,2019-07,2019-06-20,,,,,https://www.celma.org.cn/dfzfxjh/39131.jhtml,101.77,28.9,72.87,0.0,0.0,12.0,2019-07-22,True,True,101.77,22.0,True,,
新疆维吾尔自治区,2019-07,,,,,,,64.3,38.6,25.7,0.0,0.0,4.0,2019-07-18,False,True,64.3,,,,
江苏省,2019-07,,,,,,,357.7,0.0,0.0,357.7,0.0,2.0,2019-07-16,False,True,357.7,,,,
江西省,2019-07,,,,,,,262.55,0.0,262.55,0.0,0.0,10.0,2019-07-04,False,True,262.55,,,,
河北省,2019-07,2020-12-17,0.0,49.16,177.7,226.86,https://www.celma.org.cn/dfzfxjh/49975.jhtml,226.86,0.0,49.16,177.7,0.0,4.0,2019-07-25,True,True,226.86,-348.0,False,-0.0,1.0
浙江省,2019-07,,,,,,,415.85,0.0,298.0,117.85,0.0,3.0,2019-07-31,False,True,415.85,,,,
深圳市,2019-07,,,,,,,3.0,0.0,3.0,0.0,0.0,1.0,2019-07-10,False,True,3.0,,,,
湖北省,2019-07,,,,,,,150.68,150.68,0.0,0.0,0.0,1.0,2019-07-08,False,True,150.68,,,,
湖南省,2019-07,,,,,,,285.65,81.98,112.08,0.0,91.59,6.0,2019-07-23,False,True,194.06,,,,
甘肃省,2019-07,,,,,,,59.71,0.0,0.0,0.0,59.71,2.0,2019-07-23,False,True,0.0,,,,
福建省,2019-07,,,,,,,274.01,0.0,274.01,0.0,0.0,12.0,2019-07-25,False,True,274.01,,,,
贵州省,2019-07,,,,,,,366.97,188.2,0.0,119.58,59.19,3.0,2019-07-24,False,True,307.78,,,,
辽宁省,2019-07,,,,,,,118.9,42.16,76.74,0.0,0.0,5.0,2019-07-11,False,True,118.9,,,,
重庆市,2019-07,,,,,,,348.7,0.0,240.7,108.0,0.0,5.0,2019-07-19,False,True,348.7,,,,
陕西省,2019-07,,,,,,,292.34,0.0,60.24,232.1,0.0,6.0,2019-07-24,False,True,292.34,,,,
青岛市,2019-07,,,,,,,139.6,23.0,116.6,0.0,0.0,14.0,2019-07-25,False,True,139.6,,,,
青海省,2019-07,,,,,,,154.68,69.98,84.7,0.0,0.0,12.0,2019-07-18,False,True,154.68,,,,
上海市,2019-08,,,,,,,350.5,0.0,0.0,350.5,0.0,3.0,2019-08-20,False,True,350.5,,,,
云南省,2019-08,,,,,,,226.0,0.0,226.0,0.0,0.0,8.0,2019-08-23,False,True,226.0,,,,
内蒙古自治区,2019-08,,,,,,,258.89,0.0,0.0,31.8,227.09,2.0,2019-08-19,False,True,31.8,,,,
北京市,2019-08,,,,,,,124.72,0.0,0.0,124.72,0.0,3.0,2019-08-06,False,True,124.72,,,,
吉林省,2019-08,,,,,,,196.63,0.0,136.8,59.83,0.0,8.0,2019-08-29,False,True,196.63,,,,
天津市,2019-08,,,,,,,152.06,8.0,115.2,28.86,0.0,10.0,2019-08-02,False,True,152.06,,,,
宁夏回族自治区,2019-08,,,,,,,45.33,0.0,23.33,22.0,0.0,5.0,2019-08-22,False,True,45.33,,,,
安徽省,2019-08,,,,,,,530.3,0.0,481.56,48.74,0.0,5.0,2019-08-20,False,True,530.3,,,,
山东省,2019-08,2019-07-20,,,,,https://www.celma.org.cn/dfzfxjh/48541.jhtml,610.97,0.0,303.32,307.65,0.0,9.0,2019-08-27,True,True,610.97,27.0,True,,
山西省,2019-08,,,,,,,45.29,7.0,33.04,5.25,0.0,7.0,2019-08-23,False,True,45.29,,,,
江苏省,2019-08,,,,,,,441.0,0.0,441.0,0.0,0.0,4.0,2019-08-30,False,True,441.0,,,,
江西省,2019-08,,,,,,,106.71,0.0,0.0,106.71,0.0,2.0,2019-08-13,False,True,106.71,,,,
河北省,2019-08,2020-12-17,0.0,156.78,0.0,156.78,https://www.celma.org.cn/dfzfxjh/49976.jhtml,156.78,0.0,156.78,0.0,0.0,5.0,2019-08-21,True,True,156.78,-329.0,False,0.0,1.0
河南省,2019-08,,,,,,,430.56,42.56,343.42,44.58,0.0,14.0,2019-08-22,False,True,430.56,,,,
海南省,2019-08,,,,,,,88.5,0.0,88.5,0.0,0.0,7.0,2019-08-20,False,True,88.5,,,,
湖北省,2019-08,,,,,,,447.82,0.0,419.28,28.54,0.0,6.0,2019-08-09,False,True,447.82,,,,
湖南省,2019-08,,,,,,,600.51,61.0,81.45,300.0,158.06,10.0,2019-08-09,False,True,442.45,,,,
甘肃省,2019-08,2019-11-08,,,,,https://www.celma.org.cn/dfzfxjh/45881.jhtml,52.61,0.0,52.61,0.0,0.0,4.0,2019-08-28,True,True,52.61,-48.0,False,,
西藏自治区,2019-08,,,,,,,108.0,108.0,0.0,0.0,0.0,5.0,2019-08-28,False,True,108.0,,,,
贵州省,2019-08,,,,,,,135.24,0.0,0.0,84.66,50.58,2.0,2019-08-28,False,True,84.66,,,,
辽宁省,2019-08,,,,,,,294.1,0.0,0.0,126.71,167.39,4.0,2019-08-08,False,True,126.71,,,,
陕西省,2019-08,,,,,,,120.34,0.0,120.34,0.0,0.0,4.0,2019-08-27,False,True,120.34,,,,
青岛市,2019-08,,,,,,,40.0,0.0,40.0,0.0,0.0,1.0,2019-08-28,False,True,40.0,,,,
黑龙江省,2019-08,,,,,,,131.86,0.0,131.86,0.0,0.0,10.0,2019-08-30,False,True,131.86,,,,
云南省,2019-09,,,,,,,226.2,0.0,0.0,0.0,226.2,3.0,2019-09-23,False,True,0.0,,,,
内蒙古自治区,2019-09,,,,,,,84.35,4.31,41.1,38.95,0.0,3.0,2019-09-24,False,True,84.36,,,,
吉林省,2019-09,,,,,,,40.49,0.0,40.49,0.0,0.0,8.0,2019-09-26,False,True,40.49,,,,
天津市,2019-09,,,,,,,16.0,0.0,16.0,0.0,0.0,2.0,2019-09-12,False,True,16.0,,,,
宁夏回族自治区,2019-09,,,,,,,17.62,0.0,0.0,17.62,0.0,1.0,2019-09-17,False,True,17.62,,,,
宁波市,2019-09,,,,,,,42.62,0.0,0.0,42.62,0.0,2.0,2019-09-17,False,True,42.62,,,,
山西省,2019-09,,,,,,,131.14,8.15,82.08,40.91,0.0,10.0,2019-09-19,False,True,131.14,,,,
新疆生产建设兵团,2019-09,2020-07-16,11.08,15.3,0.0,26.38,https://www.celma.org.cn/dfzfxjh/48116.jhtml,26.38,11.08,15.3,0.0,0.0,4.0,2019-09-10,True,True,26.38,-209.0,False,0.0,1.0
新疆维吾尔自治区,2019-09,,,,,,,13.0,0.0,0.0,13.0,0.0,2.0,2019-09-05,False,True,13.0,,,,
河北省,2019-09,2020-12-17,150.0,408.09,29.65,587.74,https://www.celma.org.cn/dfzfxjh/49977.jhtml,587.74,150.0,408.09,29.65,0.0,15.0,2019-09-18,True,True,587.74,-310.0,False,0.0,1.0
湖北省,2019-09,,,,,,,179.6,0.0,162.01,17.59,0.0,12.0,2019-09-24,False,True,179.6,,,,
湖南省,2019-09,,,,,,,444.54,0.0,239.47,167.87,37.2,8.0,2019-09-24,False,True,407.34,,,,
甘肃省,2019-09,2019-11-08,,,,,https://www.celma.org.cn/dfzfxjh/45882.jhtml,29.99,0.0,29.99,0.0,0.0,4.0,2019-09-23,True,True,29.99,-31.0,False,,
贵州省,2019-09,,,,,,,99.53,2.89,0.0,0.0,96.64,2.0,2019-09-26,False,True,2.89,,,,
重庆市,2019-09,,,,,,,206.3,0.0,178.0,28.3,0.0,5.0,2019-09-25,False,True,206.3,,,,
青海省,2019-09,,,,,,,35.32,0.0,12.3,23.02,0.0,7.0,2019-09-03,False,True,35.32,,,,
黑龙江省,2019-09,,,,,,,15.0,0.0,15.0,0.0,0.0,2.0,2019-09-26,False,True,15.0,,,,
内蒙古自治区,2019-10,,,,,,,40.24,0.0,0.0,40.24,0.0,1.0,2019-10-14,False,True,40.24,,,,
四川省,2019-10,,,,,,,103.59,0.0,0.0,103.59,0.0,2.0,2019-10-23,False,True,103.59,,,,
河北省,2019-10,2020-12-17,0.0,0.0,0.0,0.0,https://www.celma.org.cn/dfzfxjh/49978.jhtml,,,,,,,,True,False,,,False,,
浙江省,2019-10,,,,,,,187.2,0.0,0.0,187.2,0.0,2.0,2019-10-21,False,True,187.2,,,,
海南省,2019-10,,,,,,,31.59,0.0,0.0,31.59,0.0,1.0,2019-10-24,False,True,31.59,,,,
湖北省,2019-10,,,,,,,69.51,0.0,0.0,69.51,0.0,1.0,2019-10-24,False,True,69.51,,,,
湖南省,2019-10,,,,,,,278.76,0.0,0.0,200.0,78.76,3.0,2019-10-25,False,True,200.0,,,,
贵州省,2019-10,,,,,,,101.91,0.0,0.0,39.75,62.16,2.0,2019-10-29,False,True,39.75,,,,
青岛市,2019-10,,,,,,,18.1,0.0,0.0,18.1,0.0,1.0,2019-10-15,False,True,18.1,,,,
云南省,2019-11,,,,,,,88.45,0.0,0.0,88.45,0.0,2.0,2019-11-06,False,True,88.45,,,,
北京市,2019-11,,,,,,,31.3,0.0,0.0,31.3,0.0,3.0,2019-11-04,False,True,31.3,,,,
厦门市,2019-11,,,,,,,27.0,0.0,0.0,27.0,0.0,1.0,2019-11-27,False,True,27.0,,,,
大连市,2019-11,,,,,,,80.58,0.0,0.0,80.58,0.0,2.0,2019-11-05,False,True,80.58,,,,
天津市,2019-11,,,,,,,176.04,0.0,0.0,176.04,0.0,2.0,2019-11-07,False,True,176.04,,,,
宁夏回族自治区,2019-11,,,,,,,7.81,0.0,0.0,7.81,0.0,2.0,2019-11-07,False,True,7.81,,,,
广西壮族自治区,2019-11,,,,,,,38.81,0.0,0.0,38.81,0.0,2.0,2019-11-20,False,True,38.81,,,,
新疆维吾尔自治区,2019-11,,,,,,,12.6,0.0,0.0,12.6,0.0,2.0,2019-11-14,False,True,12.6,,,,
江苏省,2019-11,2020-07-17,0.0,0.0,0.0,0.0,https://www.celma.org.cn/dfzfxjh/48125.jhtml,,,,,,,,True,False,,,False,,
河北省,2019-11,2020-12-17,0.0,0.0,0.0,0.0,https://www.celma.org.cn/dfzfxjh/49979.jhtml,,,,,,,,True,False,,,False,,
海南省,2019-11,2020-10-14,0.0,0.0,0.0,0.0,https://www.celma.org.cn/dfzfxjh/49229.jhtml,,,,,,,,True,False,,,False,,
内蒙古自治区,2019-12,,,,,,,17.51,0.0,0.0,17.51,0.0,1.0,2019-12-02,False,True,17.51,,,,
厦门市,2019-12,2020-07-16,0.0,0.0,0.0,0.0,https://www.celma.org.cn/dfzfxjh/48122.jhtml,,,,,,,,True,False,,,False,,
吉林省,2019-12,,,,,,,5.71,0.0,0.0,5.71,0.0,1.0,2019-12-05,False,True,5.71,,,,
宁夏回族自治区,2019-12,2019-11-20,0.0,0.0,0.0,0.0,https://www.celma.org.cn/dfzfxjh/49526.jhtml,,,,,,,,True,False,,,True,,
新疆生产建设兵团,2019-12,2020-07-16,16.66,190.0,0.0,206.66,https://www.celma.org.cn/dfzfxjh/48117.jhtml,206.66,16.66,190.0,0.0,0.0,4.0,2019-12-19,True,True,206.66,-141.0,False,0.0,1.0
江苏省,2019-12,2020-07-17,0.0,0.0,0.0,0.0,https://www.celma.org.cn/dfzfxjh/48132.jhtml,150.0,0.0,0.0,0.0,150.0,1.0,2019-12-06,True,True,0.0,-151.0,False,0.0,
河北省,2019-12,2020-12-17,0.0,0.0,0.0,0.0,https://www.celma.org.cn/dfzfxjh/49980.jhtml,,,,,,,,True,False,,,False,,
海南省,2019-12,2020-10-14,0.0,0.0,0.0,0.0,https://www.celma.org.cn/dfzfxjh/49230.jhtml,,,,,,,,True,False,,,False,,
云南省,2020-01,2020-01-23,141.0,450.0,0.0,591.0,https://www.celma.org.cn/dfzfxjh/46772.jhtml,591.0,141.0,450.0,0.0,0.0,13.0,2020-01-06,True,True,591.0,-14.0,False,0.0,1.0
内蒙古自治区,2020-01,2020-08-12,0.0,0.0,0.0,0.0,https://www.celma.org.cn/dfzfxjh/48504.jhtml,,,,,,,,True,False,,,False,,
厦门市,2020-01,,,,,,,100.0,0.0,100.0,0.0,0.0,4.0,2020-01-16,False,True,100.0,,,,
吉林省,2020-01,2019-12-19,0.0,10.55,0.0,10.55,https://www.celma.org.cn/dfzfxjh/47249.jhtml,10.55,0.0,10.55,0.0,0.0,4.0,2020-01-21,True,True,10.55,23.0,True,0.0,1.0
四川省,2020-01,,,,,,,507.38,0.0,507.38,0.0,0.0,47.0,2020-01-02,False,True,507.38,,,,
天津市,2020-01,,,,,,,238.0,60.0,178.0,0.0,0.0,15.0,2020-01-20,False,True,238.0,,,,
宁夏回族自治区,2020-01,2019-12-20,0.0,0.0,0.0,0.0,https://www.celma.org.cn/dfzfxjh/49520.jhtml,,,,,,,,True,False,,,True,,
安徽省,2020-01,,,,,,,396.0,119.0,277.0,0.0,0.0,6.0,2020-01-16,False,True,396.0,,,,
山东省,2020-01,2019-12-20,,,,,https://www.celma.org.cn/dfzfxjh/48534.jhtml,719.94,3.94,716.0,0.0,0.0,14.0,2020-01-16,True,True,719.94,18.0,True,,
山西省,2020-01,,,,,,,160.0,0.0,160.0,0.0,0.0,5.0,2020-01-21,False,True,160.0,,,,
广东省,2020-01,2020-01-10,,,,,https://www.celma.org.cn/dfzfxjh/46799.jhtml,1326.68,91.68,1235.0,0.0,0.0,30.0,2020-01-17,True,True,1326.68,5.0,False,,
广西壮族自治区,2020-01,2020-01-09,11.0,105.41,,116.41,https://www.celma.org.cn/dfzfxjh/46654.jhtml,116.41,11.0,105.41,0.0,0.0,4.0,2020-01-09,True,True,116.41,0.0,False,0.0,1.0
新疆维吾尔自治区,2020-01,,,,,,,136.0,0.0,136.0,0.0,0.0,6.0,2020-01-09,False,True,136.0,,,,
江苏省,2020-01,2020-07-17,0.0,357.0,0.0,357.0,https://www.celma.org.cn/dfzfxjh/48127.jhtml,357.0,0.0,357.0,0.0,0.0,4.0,2020-01-13,True,True,357.0,-126.0,False,0.0,1.0
江西省,2020-01,,,,,,,527.0,0.0,527.0,0.0,0.0,10.0,2020-01-13,False,True,527.0,,,,
河北省,2020-01,2020-12-17,0.0,217.0,0.0,217.0,https://www.celma.org.cn/dfzfxjh/49982.jhtml,217.0,0.0,217.0,0.0,0.0,7.0,2020-01-09,True,True,217.0,-233.0,False,0.0,1.0
河南省,2020-01,2020-01-02,0.0,519.0,0.0,519.0,https://www.celma.org.cn/dfzfxjh/46473.jhtml,519.02,0.0,519.02,0.0,0.0,12.0,2020-01-02,True,True,519.02,0.0,False,0.02,1.0
浙江省,2020-01,,,,,,,327.55,0.0,327.55,0.0,0.0,7.0,2020-01-17,False,True,327.55,,,,
海南省,2020-01,2020-10-14,0.0,0.0,0.0,0.0,https://www.celma.org.cn/dfzfxjh/49231.jhtml,,,,,,,,True,False,,,False,,
深圳市,2020-01,,,,,,,160.0,0.0,160.0,0.0,0.0,22.0,2020-01-13,False,True,160.0,,,,
湖北省,2020-01,,,,,,,60.3,18.31,41.99,0.0,0.0,5.0,2020-01-20,False,True,60.3,,,,
湖南省,2020-01,,,,,,,336.21,100.0,236.21,0.0,0.0,12.0,2020-01-14,False,True,336.21,,,,
甘肃省,2020-01,2019-12-18,80.1,123.22,0.0,203.32,https://www.celma.org.cn/dfzfxjh/46793.jhtml,203.32,80.1,123.22,0.0,0.0,5.0,2020-01-21,True,True,203.32,24.0,True,0.0,1.0
福建省,2020-01,,,,,,,486.0,0.0,486.0,0.0,0.0,17.0,2020-01-16,False,True,486.0,,,,
贵州省,2020-01,2019-12-16,0.0,69.9,0.0,69.9,https://www.celma.org.cn/dfzfxjh/50631.jhtml,69.9,0.0,69.9,0.0,0.0,5.0,2020-01-20,True,True,69.9,25.0,True,0.0,1.0
辽宁省,2020-01,,,,,,,62.0,0.0,62.0,0.0,0.0,7.0,2020-01-14,False,True,62.0,,,,
陕西省,2020-01,2020-08-03,60.0,40.0,0.0,100.0,https://www.celma.org.cn/dfzfxjh/48385.jhtml,100.0,60.0,40.0,0.0,0.0,4.0,2020-01-21,True,True,100.0,-130.0,False,0.0,1.0
青岛市,2020-01,,,,,,,97.4,17.4,80.0,0.0,0.0,7.0,2020-01-09,False,True,97.4,,,,
黑龙江省,2020-01,,,,,,,52.02,0.0,52.02,0.0,0.0,8.0,2020-01-20,False,True,52.02,,,,
上海市,2020-02,2021-12-08,45.0,250.0,0.0,295.0,https://www.celma.org.cn/dfzfxjh/53372.jhtml,295.0,45.0,250.0,0.0,0.0,4.0,2020-02-26,True,True,295.0,-447.0,False,0.0,1.0
内蒙古自治区,2020-02,2020-08-12,52.0,65.0,0.0,117.0,https://www.celma.org.cn/dfzfxjh/48505.jhtml,117.0,52.0,65.0,0.0,0.0,6.0,2020-02-28,True,True,117.0,-115.0,False,0.0,1.0
北京市,2020-02,,,,,,,692.0,92.0,600.0,0.0,0.0,11.0,2020-02-10,False,True,692.0,,,,
四川省,2020-02,,,,,,,393.62,277.0,116.62,0.0,0.0,17.0,2020-02-27,False,True,393.62,,,,
天津市,2020-02,,,,,,,223.0,0.0,223.0,0.0,0.0,15.0,2020-02-25,False,True,223.0,,,,
宁夏回族自治区,2020-02,2020-01-20,0.0,0.0,0.0,0.0,https://www.celma.org.cn/dfzfxjh/49521.jhtml,,,,,,,,True,False,,,True,,
宁波市,2020-02,2020-01-20,,,,,https://www.celma.org.cn/dfzfxjh/46726.jhtml,,,,,,,,True,False,,,True,,
山东省,2020-02,2020-01-20,,,,,https://www.celma.org.cn/dfzfxjh/46730.jhtml,135.6,45.6,90.0,0.0,0.0,6.0,2020-02-24,True,True,135.6,19.0,True,,
山西省,2020-02,,,,,,,173.0,173.0,0.0,0.0,0.0,3.0,2020-02-21,False,True,173.0,,,,
广东省,2020-02,2020-02-11,,,,,https://www.celma.org.cn/dfzfxjh/46957.jhtml,147.32,147.32,0.0,0.0,0.0,1.0,2020-02-18,True,True,147.32,5.0,False,,
广西壮族自治区,2020-02,2020-01-22,11.0,105.41,0.0,116.41,https://www.celma.org.cn/dfzfxjh/46760.jhtml,383.59,200.0,183.59,0.0,0.0,9.0,2020-02-27,True,True,383.59,20.0,False,267.18,3.3
新疆维吾尔自治区,2020-02,,,,,,,148.0,148.0,0.0,0.0,0.0,1.0,2020-02-26,False,True,148.0,,,,
江苏省,2020-02,2020-07-17,224.0,0.0,0.0,224.0,https://www.celma.org.cn/dfzfxjh/48128.jhtml,224.0,224.0,0.0,0.0,0.0,1.0,2020-02-28,True,True,224.0,-97.0,False,0.0,1.0
江西省,2020-02,,,,,,,220.0,220.0,0.0,0.0,0.0,1.0,2020-02-24,False,True,220.0,,,,
河北省,2020-02,2020-12-17,0.0,0.0,0.0,0.0,https://www.celma.org.cn/dfzfxjh/49983.jhtml,,,,,,,,True,False,,,False,,
浙江省,2020-02,,,,,,,191.8,30.0,161.8,0.0,0.0,4.0,2020-02-28,False,True,191.8,,,,
海南省,2020-02,2020-10-14,6.0,68.0,0.0,74.0,https://www.celma.org.cn/dfzfxjh/49232.jhtml,74.0,6.0,68.0,0.0,0.0,6.0,2020-02-21,True,True,74.0,-161.0,False,0.0,1.0
湖北省,2020-02,,,,,,,99.98,72.59,27.39,0.0,0.0,6.0,2020-02-20,False,True,99.98,,,,
湖南省,2020-02,,,,,,,209.95,73.0,136.95,0.0,0.0,7.0,2020-02-21,False,True,209.95,,,,
福建省,2020-02,,,,,,,126.0,126.0,0.0,0.0,0.0,1.0,2020-02-28,False,True,126.0,,,,
贵州省,2020-02,2020-01-08,0.0,49.05,0.0,49.05,https://www.celma.org.cn/dfzfxjh/50632.jhtml,49.05,0.0,49.05,0.0,0.0,4.0,2020-02-21,True,True,49.05,27.0,True,0.0,1.0
重庆市,2020-02,,,,,,,332.0,98.0,234.0,0.0,0.0,3.0,2020-02-28,False,True,332.0,,,,
陕西省,2020-02,2020-08-03,0.0,61.31,0.0,61.31,https://www.celma.org.cn/dfzfxjh/48386.jhtml,61.31,0.0,61.31,0.0,0.0,7.0,2020-02-26,True,True,61.31,-110.0,False,0.0,1.0
青岛市,2020-02,2020-03-05,17.4,80.0,0.0,97.4,https://www.celma.org.cn/dfzfxjh/47056.jhtml,42.0,0.0,42.0,0.0,0.0,3.0,2020-02-27,True,True,42.0,-5.0,False,-55.4,0.43
青海省,2020-02,2020-01-22,0.0,0.0,0.0,0.0,https://www.celma.org.cn/dfzfxjh/46756.jhtml,41.0,0.0,41.0,0.0,0.0,7.0,2020-02-25,True,True,41.0,18.0,False,41.0,
云南省,2020-03,,,,,,,142.44,0.0,0.0,142.44,0.0,2.0,2020-03-25,False,True,142.44,,,,
内蒙古自治区,2020-03,2020-08-12,0.0,0.0,0.0,0.0,https://www.celma.org.cn/dfzfxjh/48506.jhtml,,,,,,,,True,False,,,False,,
厦门市,2020-03,2020-03-23,0.0,50.0,0.0,50.0,https://www.celma.org.cn/dfzfxjh/47157.jhtml,50.0,0.0,50.0,0.0,0.0,2.0,2020-03-18,True,True,50.0,-3.0,False,0.0,1.0
吉林省,2020-03,2020-02-19,187.0,0.0,72.58,259.58,https://www.celma.org.cn/dfzfxjh/47250.jhtml,259.58,187.0,0.0,72.58,0.0,3.0,2020-03-24,True,True,259.58,24.0,True,0.0,1.0
四川省,2020-03,2020-03-09,0.0,507.38,0.0,507.38,https://www.celma.org.cn/dfzfxjh/47085.jhtml,111.52,0.0,0.0,111.52,0.0,3.0,2020-03-24,True,True,111.52,11.0,False,-395.86,0.22
大连市,2020-03,2020-03-31,17.0,0.0,0.0,17.0,https://www.celma.org.cn/dfzfxjh/47201.jhtml,17.0,17.0,0.0,0.0,0.0,1.0,2020-03-25,True,True,17.0,-4.0,False,0.0,1.0
宁夏回族自治区,2020-03,2020-03-13,0.0,0.0,0.0,0.0,https://www.celma.org.cn/dfzfxjh/47112.jhtml,46.9,46.9,0.0,0.0,0.0,1.0,2020-03-10,True,True,46.9,-3.0,False,46.9,
宁波市,2020-03,2020-02-19,,,,,https://www.celma.org.cn/dfzfxjh/46856.jhtml,107.0,8.0,99.0,0.0,0.0,5.0,2020-03-16,True,True,107.0,18.0,True,,
安徽省,2020-03,,,,,,,327.01,0.0,310.0,17.01,0.0,6.0,2020-03-31,False,True,327.01,,,,
山东省,2020-03,2020-02-20,,,,,https://www.celma.org.cn/dfzfxjh/46897.jhtml,36.43,36.43,0.0,0.0,0.0,1.0,2020-03-25,True,True,36.43,24.0,True,,
广东省,2020-03,2020-02-20,,,,,https://www.celma.org.cn/dfzfxjh/47027.jhtml,,,,,,,,True,False,,,True,,
新疆生产建设兵团,2020-03,2020-04-09,42.0,0.0,0.0,42.0,https://www.celma.org.cn/dfzfxjh/47277.jhtml,42.0,42.0,0.0,0.0,0.0,2.0,2020-03-10,True,True,42.0,-21.0,False,0.0,1.0
新疆维吾尔自治区,2020-03,2020-03-13,0.0,136.0,0.0,136.0,https://www.celma.org.cn/dfzfxjh/47119.jhtml,153.0,0.0,153.0,0.0,0.0,4.0,2020-03-19,True,True,153.0,4.0,False,17.0,1.12
江苏省,2020-03,2020-07-17,0.0,0.0,0.0,0.0,https://www.celma.org.cn/dfzfxjh/48129.jhtml,,,,,,,,True,False,,,False,,
河北省,2020-03,2020-12-17,251.0,325.0,69.1,645.1,https://www.celma.org.cn/dfzfxjh/49985.jhtml,645.1,251.0,325.0,69.1,0.0,12.0,2020-03-03,True,True,645.1,-200.0,False,0.0,1.0
河南省,2020-03,,,,,,,436.32,217.16,68.0,151.16,0.0,9.0,2020-03-20,False,True,436.32,,,,
浙江省,2020-03,,,,,,,242.0,242.0,0.0,0.0,0.0,1.0,2020-03-31,False,True,242.0,,,,
海南省,2020-03,2020-10-14,89.0,0.0,0.0,89.0,https://www.celma.org.cn/dfzfxjh/49233.jhtml,89.0,89.0,0.0,0.0,0.0,2.0,2020-03-26,True,True,89.0,-137.0,False,0.0,1.0
湖北省,2020-03,,,,,,,185.7,142.1,43.6,0.0,0.0,5.0,2020-03-19,False,True,185.7,,,,
湖南省,2020-03,,,,,,,152.34,84.0,68.34,0.0,0.0,8.0,2020-03-25,False,True,152.34,,,,
甘肃省,2020-03,2020-04-09,52.9,0.0,0.0,52.9,https://www.celma.org.cn/dfzfxjh/47287.jhtml,52.9,52.9,0.0,0.0,0.0,1.0,2020-03-09,True,True,52.9,-22.0,False,0.0,1.0
西藏自治区,2020-03,,,,,,,16.0,0.0,16.0,0.0,0.0,4.0,2020-03-19,False,True,16.0,,,,
贵州省,2020-03,2020-02-12,0.0,31.05,76.0,107.05,https://www.celma.org.cn/dfzfxjh/50633.jhtml,106.88,0.0,31.05,75.83,0.0,4.0,2020-03-17,True,True,106.88,24.0,True,-0.17,1.0
辽宁省,2020-03,,,,,,,97.61,56.0,0.0,41.61,0.0,2.0,2020-03-16,False,True,97.61,,,,
陕西省,2020-03,2020-08-03,93.55,42.2,0.0,135.75,https://www.celma.org.cn/dfzfxjh/48387.jhtml,135.75,93.55,42.2,0.0,0.0,6.0,2020-03-24,True,True,135.75,-91.0,False,0.0,1.0
黑龙江省,2020-03,,,,,,,422.74,298.0,124.74,0.0,0.0,9.0,2020-03-03,False,True,422.74,,,,
内蒙古自治区,2020-04,2020-08-12,216.0,101.5,0.0,317.5,https://www.celma.org.cn/dfzfxjh/48507.jhtml,317.5,216.0,101.5,0.0,0.0,8.0,2020-04-30,True,True,317.5,-71.0,False,0.0,1.0
厦门市,2020-04,2020-07-16,0.0,0.0,0.0,0.0,https://www.celma.org.cn/dfzfxjh/48120.jhtml,,,,,,,,True,False,,,False,,
吉林省,2020-04,2020-03-19,0.0,129.68,0.0,129.68,https://www.celma.org.cn/dfzfxjh/47752.jhtml,129.69,0.0,129.69,0.0,0.0,12.0,2020-04-27,True,True,129.69,27.0,True,0.01,1.0
四川省,2020-04,2021-06-15,,,86.75,86.75,https://www.celma.org.cn/dfzfxjh/51680.jhtml,86.75,0.0,0.0,86.75,0.0,2.0,2020-04-07,True,True,86.75,-297.0,False,0.0,1.0
宁夏回族自治区,2020-04,2020-03-20,32.03,15.0,0.0,47.03,https://www.celma.org.cn/dfzfxjh/47478.jhtml,47.03,32.03,15.0,0.0,0.0,7.0,2020-04-16,True,True,47.03,18.0,True,0.0,1.0
山东省,2020-04,2020-03-20,,,,,https://www.celma.org.cn/dfzfxjh/47143.jhtml,308.53,21.03,0.0,287.5,0.0,3.0,2020-04-10,True,True,308.53,14.0,True,,
广东省,2020-04,2020-03-20,,,,,https://www.celma.org.cn/dfzfxjh/47256.jhtml,,,,,,,,True,False,,,True,,
广西壮族自治区,2020-04,,,,,,,52.2,0.0,19.0,33.2,0.0,4.0,2020-04-28,False,True,52.2,,,,
新疆维吾尔自治区,2020-04,2020-04-29,80.0,0.0,73.7,153.7,https://www.celma.org.cn/dfzfxjh/47462.jhtml,153.7,80.0,0.0,73.7,0.0,4.0,2020-04-23,True,True,153.7,-5.0,False,0.0,1.0
江苏省,2020-04,2020-07-17,0.0,0.0,553.25,553.25,https://www.celma.org.cn/dfzfxjh/48130.jhtml,553.25,0.0,0.0,553.25,0.0,3.0,2020-04-17,True,True,553.25,-63.0,False,0.0,1.0
江西省,2020-04,,,,,,,184.38,0.0,0.0,184.38,0.0,2.0,2020-04-23,False,True,184.38,,,,
河北省,2020-04,2020-12-17,0.0,0.0,0.0,0.0,https://www.celma.org.cn/dfzfxjh/49987.jhtml,,,,,,,,True,False,,,False,,
海南省,2020-04,2020-10-14,0.0,0.0,0.0,0.0,https://www.celma.org.cn/dfzfxjh/49234.jhtml,,,,,,,,True,False,,,False,,
深圳市,2020-04,,,,,,,24.0,8.0,16.0,0.0,0.0,6.0,2020-04-02,False,True,24.0,,,,
湖北省,2020-04,,,,,,,145.9,0.0,124.46,21.44,0.0,7.0,2020-04-09,False,True,145.9,,,,
甘肃省,2020-04,2020-04-03,0.0,97.78,0.0,97.78,https://www.celma.org.cn/dfzfxjh/47275.jhtml,97.78,0.0,97.78,0.0,0.0,3.0,2020-04-13,True,True,97.78,5.0,False,0.0,1.0
贵州省,2020-04,2020-03-10,0.0,0.0,181.77,181.77,https://www.celma.org.cn/dfzfxjh/50634.jhtml,181.53,0.0,0.0,181.53,0.0,3.0,2020-04-20,True,True,181.53,28.0,True,-0.24,1.0
辽宁省,2020-04,,,,,,,58.76,0.0,0.0,58.76,0.0,1.0,2020-04-10,False,True,58.76,,,,
重庆市,2020-04,,,,,,,235.94,0.0,155.26,80.68,0.0,4.0,2020-04-22,False,True,235.94,,,,
陕西省,2020-04,2020-08-03,0.0,0.0,0.0,0.0,https://www.celma.org.cn/dfzfxjh/48388.jhtml,,,,,,,,True,False,,,False,,
青海省,2020-04,2020-03-16,100.0,34.0,0.0,134.0,https://www.celma.org.cn/dfzfxjh/47125.jhtml,213.59,152.0,34.0,27.59,0.0,7.0,2020-04-28,True,True,213.59,31.0,True,79.59,1.59
黑龙江省,2020-04,,,,,,,77.08,0.0,0.0,77.08,0.0,2.0,2020-04-29,False,True,77.08,,,,
上海市,2020-05,2021-12-08,104.0,96.3,0.0,200.3,https://www.celma.org.cn/dfzfxjh/53373.jhtml,200.3,104.0,96.3,0.0,0.0,3.0,2020-05-27,True,True,200.3,-384.0,False,0.0,1.0
云南省,2020-05,,,,,,,546.0,0.0,546.0,0.0,0.0,8.0,2020-05-28,False,True,546.0,,,,
内蒙古自治区,2020-05,2020-08-12,0.0,0.0,78.35,78.35,https://www.celma.org.cn/dfzfxjh/48508.jhtml,78.35,0.0,0.0,78.35,0.0,1.0,2020-05-14,True,True,78.35,-63.0,False,0.0,1.0
北京市,2020-05,,,,,,,348.17,0.0,271.0,77.17,0.0,9.0,2020-05-07,False,True,348.17,,,,
厦门市,2020-05,2020-06-30,11.0,100.0,0.0,111.0,https://www.celma.org.cn/dfzfxjh/47871.jhtml,111.0,11.0,100.0,0.0,0.0,7.0,2020-05-27,True,True,111.0,-23.0,False,0.0,1.0
吉林省,2020-05,2020-04-19,0.0,190.73,66.94,257.67,https://www.celma.org.cn/dfzfxjh/47753.jhtml,257.66,0.0,190.72,66.94,0.0,10.0,2020-05-20,True,True,257.66,22.0,True,-0.01,1.0
四川省,2020-05,,,,,,,679.94,0.0,586.01,93.93,0.0,20.0,2020-05-14,False,True,679.94,,,,
大连市,2020-05,2020-05-20,0.0,17.0,0.0,17.0,https://www.celma.org.cn/dfzfxjh/47561.jhtml,17.0,0.0,17.0,0.0,0.0,2.0,2020-05-19,True,True,17.0,-1.0,False,0.0,1.0
天津市,2020-05,,,,,,,428.68,0.0,314.0,114.68,0.0,24.0,2020-05-21,False,True,428.68,,,,
宁夏回族自治区,2020-05,2020-04-20,0.0,10.0,0.0,10.0,https://www.celma.org.cn/dfzfxjh/47728.jhtml,10.01,0.0,10.01,0.0,0.0,4.0,2020-05-27,True,True,10.01,26.0,True,0.01,1.0
宁波市,2020-05,2020-04-27,,,,,https://www.celma.org.cn/dfzfxjh/47442.jhtml,127.6,0.0,66.0,61.6,0.0,6.0,2020-05-22,True,True,127.6,17.0,False,,
安徽省,2020-05,,,,,,,468.65,0.0,377.01,91.64,0.0,7.0,2020-05-29,False,True,468.65,,,,
山东省,2020-05,2020-04-20,,,,,https://www.celma.org.cn/dfzfxjh/47385.jhtml,1000.04,0.0,857.0,143.04,0.0,17.0,2020-05-18,True,True,1000.04,19.0,True,,
山西省,2020-05,,,,,,,217.95,0.0,201.0,16.95,0.0,5.0,2020-05-19,False,True,217.95,,,,
广东省,2020-05,2020-07-22,0.0,712.0,323.1,1035.1,https://www.celma.org.cn/dfzfxjh/48241.jhtml,1035.1,0.0,712.0,323.1,0.0,33.0,2020-05-12,True,True,1035.1,-50.0,False,0.0,1.0
广西壮族自治区,2020-05,2020-05-14,0.0,249.0,166.15,415.15,https://www.celma.org.cn/dfzfxjh/47520.jhtml,415.16,0.0,249.0,166.16,0.0,11.0,2020-05-20,True,True,415.16,4.0,False,0.01,1.0
新疆生产建设兵团,2020-05,2020-07-13,0.0,30.0,0.0,30.0,https://www.celma.org.cn/dfzfxjh/48017.jhtml,30.0,0.0,30.0,0.0,0.0,3.0,2020-05-28,True,True,30.0,-31.0,False,0.0,1.0
新疆维吾尔自治区,2020-05,2020-06-02,0.0,227.0,43.9,270.9,https://www.celma.org.cn/dfzfxjh/47691.jhtml,270.9,0.0,227.0,43.9,0.0,7.0,2020-05-25,True,True,270.9,-6.0,False,0.0,1.0
江苏省,2020-05,2020-07-17,0.0,992.0,0.0,992.0,https://www.celma.org.cn/dfzfxjh/48131.jhtml,992.0,0.0,992.0,0.0,0.0,5.0,2020-05-12,True,True,992.0,-47.0,False,0.0,1.0
江西省,2020-05,,,,,,,510.0,0.0,510.0,0.0,0.0,9.0,2020-05-26,False,True,510.0,,,,
河北省,2020-05,2020-12-17,113.0,468.0,208.26,789.26,https://www.celma.org.cn/dfzfxjh/49988.jhtml,789.26,113.0,468.0,208.26,0.0,8.0,2020-05-08,True,True,789.26,-155.0,False,0.0,1.0
河南省,2020-05,,,,,,,670.51,51.84,409.01,209.66,0.0,9.0,2020-05-25,False,True,670.51,,,,
浙江省,2020-05,,,,,,,619.75,0.0,508.65,111.1,0.0,12.0,2020-05-29,False,True,619.75,,,,
海南省,2020-05,2020-06-23,0.0,110.0,63.49,173.49,https://www.celma.org.cn/dfzfxjh/47832.jhtml,173.5,0.0,110.0,63.5,0.0,10.0,2020-05-26,True,True,173.5,-20.0,False,0.01,1.0
深圳市,2020-05,,,,,,,119.0,0.0,119.0,0.0,0.0,30.0,2020-05-18,False,True,119.0,,,,
湖北省,2020-05,,,,,,,502.85,72.0,134.56,296.29,0.0,10.0,2020-05-12,False,True,502.85,,,,
湖南省,2020-05,,,,,,,431.02,0.0,431.02,0.0,0.0,18.0,2020-05-28,False,True,431.02,,,,
甘肃省,2020-05,2020-08-21,0.0,180.0,134.01,314.01,https://www.celma.org.cn/dfzfxjh/48684.jhtml,314.01,0.0,180.0,134.01,0.0,8.0,2020-05-28,True,True,314.01,-60.0,False,0.0,1.0
福建省,2020-05,2020-07-21,0.0,300.0,131.5,431.5,https://www.celma.org.cn/dfzfxjh/48194.jhtml,431.5,0.0,300.0,131.5,0.0,15.0,2020-05-19,True,True,431.5,-44.0,False,0.0,1.0
贵州省,2020-05,2020-04-14,0.0,401.0,0.0,401.0,https://www.celma.org.cn/dfzfxjh/50635.jhtml,401.0,0.0,401.0,0.0,0.0,20.0,2020-05-21,True,True,401.0,26.0,True,0.0,1.0
辽宁省,2020-05,2020-12-08,0.0,80.0,79.77,159.77,https://www.celma.org.cn/dfzfxjh/49617.jhtml,159.77,0.0,80.0,79.77,0.0,7.0,2020-05-14,True,True,159.77,-143.0,False,0.0,1.0
陕西省,2020-05,2020-08-04,27.45,269.49,111.81,408.75,https://www.celma.org.cn/dfzfxjh/48432.jhtml,408.75,27.45,269.49,111.81,0.0,29.0,2020-05-29,True,True,408.75,-46.0,False,0.0,1.0
青岛市,2020-05,2020-07-30,38.6,110.0,3.17,151.77,https://www.celma.org.cn/dfzfxjh/48313.jhtml,151.77,38.6,110.0,3.17,0.0,9.0,2020-05-15,True,True,151.77,-53.0,False,0.0,1.0
青海省,2020-05,,,,,,,33.0,0.0,33.0,0.0,0.0,5.0,2020-05-25,False,True,33.0,,,,
黑龙江省,2020-05,,,,,,,74.43,0.0,74.43,0.0,0.0,8.0,2020-05-29,False,True,74.43,,,,
云南省,2020-06,,,,,,,97.23,0.0,0.0,97.23,0.0,2.0,2020-06-11,False,True,97.23,,,,
内蒙古自治区,2020-06,2020-08-12,0.0,164.5,191.71,356.21,https://www.celma.org.cn/dfzfxjh/48509.jhtml,356.21,0.0,164.5,191.71,0.0,6.0,2020-06-29,True,True,356.21,-32.0,False,0.0,1.0
北京市,2020-06,,,,,,,83.32,0.0,0.0,83.32,0.0,3.0,2020-06-16,False,True,83.32,,,,
厦门市,2020-06,2020-07-16,0.0,0.0,0.0,0.0,https://www.celma.org.cn/dfzfxjh/48121.jhtml,,,,,,,,True,False,,,False,,
吉林省,2020-06,2020-05-19,0.0,46.05,48.23,94.28,https://www.celma.org.cn/dfzfxjh/47966.jhtml,94.28,0.0,46.05,48.23,0.0,4.0,2020-06-29,True,True,94.28,28.0,True,0.0,1.0
四川省,2020-06,,,,,,,251.37,0.0,0.0,251.37,0.0,2.0,2020-06-02,False,True,251.37,,,,
大连市,2020-06,,,,,,,190.66,0.0,36.0,154.66,0.0,7.0,2020-06-02,False,True,190.66,,,,
宁夏回族自治区,2020-06,2020-05-20,0.0,0.0,52.57,52.57,https://www.celma.org.cn/dfzfxjh/48002.jhtml,52.57,0.0,0.0,52.57,0.0,1.0,2020-06-12,True,True,52.57,17.0,True,0.0,1.0
山东省,2020-06,2020-05-20,,,,,https://www.celma.org.cn/dfzfxjh/47555.jhtml,,,,,,,,True,False,,,True,,
新疆维吾尔自治区,2020-06,2020-07-07,0.0,0.0,57.2,57.2,https://www.celma.org.cn/dfzfxjh/47945.jhtml,57.2,0.0,0.0,57.2,0.0,1.0,2020-06-16,True,True,57.2,-14.0,False,0.0,1.0
江苏省,2020-06,2020-06-30,0.0,0.0,251.46,251.46,https://www.celma.org.cn/dfzfxjh/47857.jhtml,332.46,0.0,0.0,332.46,0.0,2.0,2020-06-19,True,True,332.46,-6.0,False,81.0,1.32
河北省,2020-06,2020-12-17,0.0,0.0,0.0,0.0,https://www.celma.org.cn/dfzfxjh/49989.jhtml,,,,,,,,True,False,,,False,,
海南省,2020-06,2020-10-14,0.0,0.0,0.0,0.0,https://www.celma.org.cn/dfzfxjh/49236.jhtml,,,,,,,,True,False,,,False,,
湖北省,2020-06,,,,,,,360.6,0.0,177.8,182.8,0.0,13.0,2020-06-08,False,True,360.6,,,,
湖南省,2020-06,,,,,,,142.0,0.0,0.0,142.0,0.0,1.0,2020-06-09,False,True,142.0,,,,
甘肃省,2020-06,2020-08-21,0.0,0.0,54.5,54.5,https://www.celma.org.cn/dfzfxjh/48685.jhtml,54.5,0.0,0.0,54.5,0.0,1.0,2020-06-16,True,True,54.5,-47.0,False,0.0,1.0
西藏自治区,2020-06,,,,,,,17.0,0.0,17.0,0.0,0.0,6.0,2020-06-10,False,True,17.0,,,,
贵州省,2020-06,2020-05-12,0.0,0.0,99.18,99.18,https://www.celma.org.cn/dfzfxjh/50636.jhtml,99.18,0.0,0.0,99.18,0.0,1.0,2020-06-01,True,True,99.18,14.0,True,0.0,1.0
辽宁省,2020-06,,,,,,,102.45,0.0,0.0,102.45,0.0,1.0,2020-06-16,False,True,102.45,,,,
重庆市,2020-06,,,,,,,360.14,0.0,284.74,75.4,0.0,2.0,2020-06-08,False,True,360.14,,,,
陕西省,2020-06,2020-08-03,34.0,0.0,88.38,122.38,https://www.celma.org.cn/dfzfxjh/48389.jhtml,122.38,34.0,0.0,88.38,0.0,2.0,2020-06-16,True,True,122.38,-33.0,False,0.0,1.0
青岛市,2020-06,2020-07-30,0.0,0.0,8.4,8.4,https://www.celma.org.cn/dfzfxjh/48314.jhtml,8.4,0.0,0.0,8.4,0.0,1.0,2020-06-22,True,True,8.4,-27.0,False,0.0,1.0
黑龙江省,2020-06,,,,,,,84.83,0.0,84.83,0.0,0.0,5.0,2020-06-22,False,True,84.83,,,,
云南省,2020-07,2020-07-21,,,,,https://www.celma.org.cn/dfzfxjh/48180.jhtml,,,,,,,,True,False,,,False,,
内蒙古自治区,2020-07,,,,,,,13.0,13.0,0.0,0.0,0.0,1.0,2020-07-29,False,True,13.0,,,,
北京市,2020-07,,,,,,,47.2,0.0,0.0,47.2,0.0,2.0,2020-07-13,False,True,47.2,,,,
厦门市,2020-07,,,,,,,29.0,0.0,0.0,29.0,0.0,2.0,2020-07-23,False,True,29.0,,,,
吉林省,2020-07,2020-06-19,0.0,0.0,28.11,28.11,https://www.celma.org.cn/dfzfxjh/48493.jhtml,28.11,0.0,0.0,28.11,0.0,2.0,2020-07-22,True,True,28.11,22.0,True,0.0,1.0
四川省,2020-07,,,,,,,256.52,0.0,0.0,256.52,0.0,2.0,2020-07-01,False,True,256.52,,,,
大连市,2020-07,,,,,,,10.0,0.0,0.0,10.0,0.0,1.0,2020-07-30,False,True,10.0,,,,
天津市,2020-07,,,,,,,49.64,0.0,0.0,49.64,0.0,2.0,2020-07-06,False,True,49.64,,,,
宁夏回族自治区,2020-07,2020-06-20,0.0,0.0,0.0,0.0,https://www.celma.org.cn/dfzfxjh/48003.jhtml,,,,,,,,True,False,,,True,,
宁波市,2020-07,,,,,,,108.6,0.0,0.0,108.6,0.0,5.0,2020-07-28,False,True,108.6,,,,
安徽省,2020-07,,,,,,,152.88,0.0,0.0,152.88,0.0,2.0,2020-07-09,False,True,152.88,,,,
山东省,2020-07,2020-06-19,,,,,https://www.celma.org.cn/dfzfxjh/47809.jhtml,138.97,14.0,0.0,124.97,0.0,3.0,2020-07-13,True,True,138.97,15.0,True,,
山西省,2020-07,,,,,,,58.59,13.0,0.0,45.59,0.0,2.0,2020-07-16,False,True,58.59,,,,
广西壮族自治区,2020-07,,,,,,,102.2,0.0,0.0,102.2,0.0,2.0,2020-07-14,False,True,102.2,,,,
新疆生产建设兵团,2020-07,2020-08-02,11.26,12.7,0.0,23.96,https://www.celma.org.cn/dfzfxjh/48356.jhtml,23.96,11.26,12.7,0.0,0.0,2.0,2020-07-22,True,True,23.96,-7.0,False,0.0,1.0
江苏省,2020-07,2020-07-17,0.0,0.0,0.0,0.0,https://www.celma.org.cn/dfzfxjh/48133.jhtml,,,,,,,,True,False,,,False,,
河北省,2020-07,2020-12-17,22.0,0.0,92.35,114.35,https://www.celma.org.cn/dfzfxjh/49990.jhtml,114.35,22.0,0.0,92.35,0.0,2.0,2020-07-31,True,True,114.35,-95.0,False,0.0,1.0
海南省,2020-07,2020-10-14,0.0,0.0,0.0,0.0,https://www.celma.org.cn/dfzfxjh/49237.jhtml,,,,,,,,True,False,,,False,,
湖北省,2020-07,,,,,,,572.75,0.0,297.53,275.22,0.0,27.0,2020-07-01,False,True,572.75,,,,
湖南省,2020-07,,,,,,,164.25,0.0,38.48,125.77,0.0,3.0,2020-07-03,False,True,164.25,,,,
贵州省,2020-07,2020-06-09,0.0,0.0,150.14,150.14,https://www.celma.org.cn/dfzfxjh/50637.jhtml,149.9,0.0,0.0,149.9,0.0,2.0,2020-07-01,True,True,149.9,15.0,True,-0.24,1.0
辽宁省,2020-07,2020-07-13,0.0,0.0,99.91,99.91,https://www.celma.org.cn/dfzfxjh/47999.jhtml,99.91,0.0,0.0,99.91,0.0,2.0,2020-07-07,True,True,99.91,-4.0,False,0.0,1.0
重庆市,2020-07,,,,,,,338.88,0.0,0.0,338.88,0.0,2.0,2020-07-29,False,True,338.88,,,,
陕西省,2020-07,2020-08-03,0.0,0.0,157.18,157.18,https://www.celma.org.cn/dfzfxjh/48390.jhtml,157.18,0.0,0.0,157.18,0.0,2.0,2020-07-20,True,True,157.18,-10.0,False,0.0,1.0
青岛市,2020-07,2020-07-30,0.0,0.0,7.11,7.11,https://www.celma.org.cn/dfzfxjh/48317.jhtml,7.11,0.0,0.0,7.11,0.0,1.0,2020-07-22,True,True,7.11,-6.0,False,0.0,1.0
黑龙江省,2020-07,,,,,,,99.41,0.0,0.0,99.41,0.0,2.0,2020-07-16,False,True,99.41,,,,
上海市,2020-08,2021-12-08,0.0,0.0,379.7,379.7,https://www.celma.org.cn/dfzfxjh/53374.jhtml,379.7,0.0,0.0,379.7,0.0,4.0,2020-08-26,True,True,379.7,-320.0,False,0.0,1.0
云南省,2020-08,,,,,,,1164.96,120.88,988.0,56.08,0.0,11.0,2020-08-05,False,True,1164.96,,,,
内蒙古自治区,2020-08,2020-10-15,0.0,0.0,81.21,81.21,https://www.celma.org.cn/dfzfxjh/49262.jhtml,81.21,0.0,0.0,81.21,0.0,1.0,2020-08-14,True,True,81.21,-40.0,False,0.0,1.0
北京市,2020-08,,,,,,,396.14,116.05,261.0,19.09,0.0,8.0,2020-08-17,False,True,396.14,,,,
吉林省,2020-08,2020-07-20,108.81,18.09,106.48,233.38,https://www.celma.org.cn/dfzfxjh/48970.jhtml,233.38,108.81,18.09,106.48,0.0,5.0,2020-08-20,True,True,233.38,23.0,True,0.0,1.0
四川省,2020-08,2020-09-10,198.8,313.78,143.15,655.73,https://www.celma.org.cn/dfzfxjh/48948.jhtml,655.73,198.8,313.78,143.15,0.0,16.0,2020-08-10,True,True,655.73,-23.0,False,0.0,1.0
天津市,2020-08,,,,,,,568.05,42.0,441.0,85.05,0.0,22.0,2020-08-10,False,True,568.05,,,,
宁夏回族自治区,2020-08,2020-07-20,0.0,0.0,0.0,0.0,https://www.celma.org.cn/dfzfxjh/49522.jhtml,,,,,,,,True,False,,,True,,
安徽省,2020-08,,,,,,,79.9,56.65,0.0,23.25,0.0,3.0,2020-08-14,False,True,79.9,,,,
山东省,2020-08,2020-07-20,,,,,https://www.celma.org.cn/dfzfxjh/48174.jhtml,1011.45,41.19,698.75,271.51,0.0,19.0,2020-08-07,True,True,1011.45,14.0,True,,
山西省,2020-08,,,,,,,126.54,77.43,49.11,0.0,0.0,7.0,2020-08-18,False,True,126.54,,,,
广东省,2020-08,2020-10-15,135.82,684.0,0.0,819.82,https://www.celma.org.cn/dfzfxjh/49287.jhtml,819.82,135.82,684.0,0.0,0.0,29.0,2020-08-11,True,True,819.82,-43.0,False,0.0,1.0
广西壮族自治区,2020-08,,,,,,,456.51,133.04,278.0,45.47,0.0,7.0,2020-08-05,False,True,456.51,,,,
新疆维吾尔自治区,2020-08,,,,,,,379.9,121.9,258.0,0.0,0.0,9.0,2020-08-13,False,True,379.9,,,,
江苏省,2020-08,2020-08-07,139.0,0.0,569.49,708.49,https://www.celma.org.cn/dfzfxjh/48480.jhtml,708.49,139.0,0.0,569.49,0.0,3.0,2020-08-14,True,True,708.49,5.0,False,0.0,1.0
江西省,2020-08,2020-07-30,129.88,484.0,38.15,652.03,https://www.celma.org.cn/dfzfxjh/48332.jhtml,652.04,129.88,484.01,38.15,0.0,10.0,2020-08-06,True,True,652.04,5.0,False,0.01,1.0
河北省,2020-08,2020-12-17,145.78,151.64,161.58,459.0,https://www.celma.org.cn/dfzfxjh/49991.jhtml,459.0,145.78,151.64,161.58,0.0,4.0,2020-08-21,True,True,459.0,-80.0,False,-0.0,1.0
河南省,2020-08,,,,,,,549.22,158.26,273.7,117.26,0.0,10.0,2020-08-14,False,True,549.22,,,,
浙江省,2020-08,,,,,,,1133.05,171.0,661.0,301.05,0.0,20.0,2020-08-13,False,True,1133.05,,,,
海南省,2020-08,2020-08-21,58.28,0.0,37.3,95.58,https://www.celma.org.cn/dfzfxjh/48669.jhtml,95.58,58.28,0.0,37.3,0.0,4.0,2020-08-11,True,True,95.58,-8.0,False,0.0,1.0
深圳市,2020-08,,,,,,,179.01,14.0,165.01,0.0,0.0,22.0,2020-08-27,False,True,179.01,,,,
湖北省,2020-08,,,,,,,270.42,54.0,216.42,0.0,0.0,16.0,2020-08-13,False,True,270.42,,,,
湖南省,2020-08,,,,,,,283.4,146.06,101.35,35.99,0.0,16.0,2020-08-18,False,True,283.4,,,,
甘肃省,2020-08,2020-08-21,11.0,0.0,55.58,66.58,https://www.celma.org.cn/dfzfxjh/48686.jhtml,66.58,11.0,0.0,55.58,0.0,3.0,2020-08-14,True,True,66.58,-5.0,False,0.0,1.0
福建省,2020-08,2020-09-09,69.72,0.0,0.0,69.72,https://www.celma.org.cn/dfzfxjh/48923.jhtml,69.72,69.72,0.0,0.0,0.0,3.0,2020-08-27,True,True,69.72,-9.0,False,0.0,1.0
西藏自治区,2020-08,2021-01-08,62.0,26.0,0.0,88.0,https://www.celma.org.cn/dfzfxjh/50658.jhtml,88.0,62.0,26.0,0.0,0.0,10.0,2020-08-12,True,True,88.0,-102.0,False,0.0,1.0
贵州省,2020-08,2020-07-14,205.21,428.0,0.0,633.21,https://www.celma.org.cn/dfzfxjh/50638.jhtml,633.22,205.21,428.01,0.0,0.0,23.0,2020-08-06,True,True,633.22,17.0,True,0.01,1.0
辽宁省,2020-08,,,,,,,201.14,40.48,80.0,80.66,0.0,8.0,2020-08-04,False,True,201.14,,,,
陕西省,2020-08,,,,,,,174.75,148.83,0.0,25.92,0.0,2.0,2020-08-19,False,True,174.75,,,,
青岛市,2020-08,2020-11-03,18.48,113.5,51.19,183.17,https://www.celma.org.cn/dfzfxjh/49381.jhtml,183.17,18.48,113.5,51.19,0.0,10.0,2020-08-12,True,True,183.17,-55.0,False,0.0,1.0
青海省,2020-08,2020-08-18,0.0,0.0,103.5,103.5,https://www.celma.org.cn/dfzfxjh/48621.jhtml,103.5,0.0,0.0,103.5,0.0,2.0,2020-08-27,True,True,103.5,7.0,False,-0.0,1.0
黑龙江省,2020-08,,,,,,,287.67,176.67,111.0,0.0,0.0,8.0,2020-08-18,False,True,287.67,,,,
上海市,2020-09,2021-12-08,142.0,616.0,43.1,801.1,https://www.celma.org.cn/dfzfxjh/53375.jhtml,801.1,142.0,616.0,43.1,0.0,13.0,2020-09-23,True,True,801.1,-300.0,False,0.0,1.0
云南省,2020-09,,,,,,,81.94,0.0,0.0,81.94,0.0,2.0,2020-09-16,False,True,81.94,,,,
内蒙古自治区,2020-09,,,,,,,550.41,130.25,247.0,173.16,0.0,16.0,2020-09-02,False,True,550.41,,,,
厦门市,2020-09,,,,,,,82.0,26.0,56.0,0.0,0.0,5.0,2020-09-01,False,True,82.0,,,,
吉林省,2020-09,2020-08-19,0.0,130.99,0.0,130.99,https://www.celma.org.cn/dfzfxjh/49202.jhtml,130.99,0.0,130.99,0.0,0.0,6.0,2020-09-23,True,True,130.99,25.0,True,0.0,1.0
四川省,2020-09,2020-10-12,0.0,316.22,70.26,386.48,https://www.celma.org.cn/dfzfxjh/49162.jhtml,386.48,0.0,316.22,70.26,0.0,16.0,2020-09-17,True,True,386.48,-13.0,False,0.0,1.0
大连市,2020-09,2020-09-15,14.0,7.0,0.0,21.0,https://www.celma.org.cn/dfzfxjh/49016.jhtml,21.0,14.0,7.0,0.0,0.0,3.0,2020-09-23,True,True,21.0,6.0,False,0.0,1.0
天津市,2020-09,,,,,,,39.0,0.0,0.0,39.0,0.0,2.0,2020-09-01,False,True,39.0,,,,
宁夏回族自治区,2020-09,2020-08-20,48.49,3.0,8.65,60.14,https://www.celma.org.cn/dfzfxjh/49523.jhtml,60.14,48.49,3.0,8.65,0.0,3.0,2020-09-03,True,True,60.14,10.0,True,0.0,1.0
宁波市,2020-09,,,,,,,103.4,15.0,70.0,18.4,0.0,7.0,2020-09-21,False,True,103.4,,,,
安徽省,2020-09,2020-08-18,,,,,https://www.celma.org.cn/dfzfxjh/48623.jhtml,699.17,0.0,532.0,167.17,0.0,14.0,2020-09-10,True,True,699.17,17.0,True,,
山东省,2020-09,2020-08-19,,,,,https://www.celma.org.cn/dfzfxjh/48631.jhtml,385.25,0.0,385.25,0.0,0.0,7.0,2020-09-07,True,True,385.25,13.0,True,,
山西省,2020-09,,,,,,,137.78,29.54,78.92,29.32,0.0,8.0,2020-09-21,False,True,137.78,,,,
广东省,2020-09,2020-10-15,0.0,0.0,210.29,210.29,https://www.celma.org.cn/dfzfxjh/49288.jhtml,210.29,0.0,0.0,210.29,0.0,3.0,2020-09-17,True,True,210.29,-16.0,False,0.0,1.0
广西壮族自治区,2020-09,,,,,,,98.66,0.0,0.0,98.66,0.0,2.0,2020-09-08,False,True,98.66,,,,
新疆生产建设兵团,2020-09,2020-10-26,31.0,48.0,0.0,79.0,https://www.celma.org.cn/dfzfxjh/49331.jhtml,79.0,31.0,48.0,0.0,0.0,5.0,2020-09-22,True,True,79.0,-20.0,False,0.0,1.0
新疆维吾尔自治区,2020-09,2020-10-13,0.0,0.0,81.4,81.4,https://www.celma.org.cn/dfzfxjh/49219.jhtml,81.4,0.0,0.0,81.4,0.0,2.0,2020-09-23,True,True,81.4,-10.0,False,0.0,1.0
江苏省,2020-09,2020-09-27,0.0,0.0,0.0,0.0,https://www.celma.org.cn/dfzfxjh/49095.jhtml,,,,,,,,True,False,,,False,,
河北省,2020-09,2020-12-17,0.0,322.28,0.0,322.28,https://www.celma.org.cn/dfzfxjh/49992.jhtml,322.28,0.0,322.28,0.0,0.0,4.0,2020-09-14,True,True,322.28,-64.0,False,0.0,1.0
河南省,2020-09,,,,,,,352.86,0.0,352.86,0.0,0.0,5.0,2020-09-09,False,True,352.86,,,,
海南省,2020-09,2020-10-09,0.0,87.0,28.43,115.43,https://www.celma.org.cn/dfzfxjh/49156.jhtml,115.43,0.0,87.0,28.43,0.0,8.0,2020-09-28,True,True,115.43,-3.0,False,0.0,1.0
湖北省,2020-09,,,,,,,401.15,206.02,166.1,29.03,0.0,18.0,2020-09-15,False,True,401.15,,,,
湖南省,2020-09,,,,,,,103.79,0.0,103.79,0.0,0.0,14.0,2020-09-23,False,True,103.79,,,,
甘肃省,2020-09,2020-09-30,74.64,213.0,0.0,287.64,https://www.celma.org.cn/dfzfxjh/49139.jhtml,287.63,74.64,212.99,0.0,0.0,7.0,2020-09-24,True,True,287.63,-5.0,False,-0.01,1.0
福建省,2020-09,2020-09-09,0.0,0.0,218.71,218.71,https://www.celma.org.cn/dfzfxjh/48924.jhtml,479.71,0.0,261.01,218.7,0.0,21.0,2020-09-03,True,True,479.71,-4.0,False,261.0,2.19
贵州省,2020-09,2020-08-12,0.0,0.0,270.63,270.63,https://www.celma.org.cn/dfzfxjh/50639.jhtml,270.06,0.0,0.0,270.06,0.0,2.0,2020-09-01,True,True,270.06,14.0,True,-0.57,1.0
辽宁省,2020-09,,,,,,,75.69,0.0,0.0,75.69,0.0,2.0,2020-09-08,False,True,75.69,,,,
重庆市,2020-09,,,,,,,429.0,49.0,380.0,0.0,0.0,3.0,2020-09-18,False,True,429.0,,,,
陕西省,2020-09,,,,,,,207.6,0.0,207.6,0.0,0.0,23.0,2020-09-30,False,True,207.6,,,,
青岛市,2020-09,2020-11-03,17.52,41.5,0.0,59.02,https://www.celma.org.cn/dfzfxjh/49382.jhtml,59.02,17.52,41.5,0.0,0.0,6.0,2020-09-08,True,True,59.02,-36.0,False,-0.0,1.0
青海省,2020-09,2020-09-14,79.56,25.0,15.94,120.5,https://www.celma.org.cn/dfzfxjh/48989.jhtml,120.5,79.56,25.0,15.94,0.0,6.0,2020-09-22,True,True,120.5,6.0,False,0.0,1.0
黑龙江省,2020-09,,,,,,,32.7,0.0,32.7,0.0,0.0,4.0,2020-09-28,False,True,32.7,,,,
上海市,2020-10,2021-12-08,0.0,31.8,0.0,31.8,https://www.celma.org.cn/dfzfxjh/53376.jhtml,31.8,0.0,31.8,0.0,0.0,2.0,2020-10-30,True,True,31.8,-277.0,False,0.0,1.0
内蒙古自治区,2020-10,,,,,,,195.0,0.0,0.0,195.0,0.0,2.0,2020-10-14,False,True,195.0,,,,
北京市,2020-10,,,,,,,38.27,0.0,0.0,38.27,0.0,1.0,2020-10-12,False,True,38.27,,,,
厦门市,2020-10,2020-11-01,0.0,0.0,0.0,0.0,https://www.celma.org.cn/dfzfxjh/49364.jhtml,,,,,,,,True,False,,,False,,
吉林省,2020-10,2020-09-19,0.0,72.92,166.77,239.69,https://www.celma.org.cn/dfzfxjh/49492.jhtml,239.69,0.0,72.92,166.77,0.0,5.0,2020-10-26,True,True,239.69,22.0,True,0.0,1.0
四川省,2020-10,,,,,,,213.97,0.0,0.0,213.97,0.0,2.0,2020-10-19,False,True,213.97,,,,
大连市,2020-10,,,,,,,57.64,0.0,0.0,57.64,0.0,2.0,2020-10-29,False,True,57.64,,,,
天津市,2020-10,,,,,,,45.88,0.0,0.0,45.88,0.0,2.0,2020-10-27,False,True,45.88,,,,
宁夏回族自治区,2020-10,2020-09-18,0.0,0.0,43.94,43.94,https://www.celma.org.cn/dfzfxjh/49524.jhtml,43.94,0.0,0.0,43.94,0.0,2.0,2020-10-22,True,True,43.94,20.0,True,0.0,1.0
安徽省,2020-10,2020-09-16,,,,,https://www.celma.org.cn/dfzfxjh/49021.jhtml,205.37,0.0,0.0,205.37,0.0,3.0,2020-10-13,True,True,205.37,15.0,True,,
山东省,2020-10,2020-09-18,,,,,https://www.celma.org.cn/dfzfxjh/49037.jhtml,100.34,19.99,0.0,80.35,0.0,2.0,2020-10-27,True,True,100.34,23.0,True,,
山西省,2020-10,,,,,,,79.1,15.13,63.97,0.0,0.0,7.0,2020-10-30,False,True,79.1,,,,
广西壮族自治区,2020-10,,,,,,,42.35,0.0,0.0,42.35,0.0,1.0,2020-10-22,False,True,42.35,,,,
江苏省,2020-10,2020-09-27,0.0,864.0,0.0,864.0,https://www.celma.org.cn/dfzfxjh/49099.jhtml,864.0,0.0,864.0,0.0,0.0,4.0,2020-10-16,True,True,864.0,10.0,False,0.0,1.0
江西省,2020-10,,,,,,,194.2,0.0,0.0,194.2,0.0,4.0,2020-10-13,False,True,194.2,,,,
河北省,2020-10,2020-12-17,45.0,207.08,20.56,272.64,https://www.celma.org.cn/dfzfxjh/49993.jhtml,272.64,45.0,207.08,20.56,0.0,7.0,2020-10-22,True,True,272.64,-40.0,False,0.0,1.0
河南省,2020-10,,,,,,,200.49,0.0,3.45,197.04,0.0,6.0,2020-10-27,False,True,200.49,,,,
浙江省,2020-10,,,,,,,161.8,0.0,0.0,161.8,0.0,3.0,2020-10-14,False,True,161.8,,,,
海南省,2020-10,2020-10-23,0.0,0.0,18.89,18.89,https://www.celma.org.cn/dfzfxjh/49318.jhtml,18.89,0.0,0.0,18.89,0.0,1.0,2020-10-20,True,True,18.89,-3.0,False,0.0,1.0
湖北省,2020-10,,,,,,,300.15,0.0,300.15,0.0,0.0,37.0,2020-10-19,False,True,300.15,,,,
湖南省,2020-10,,,,,,,309.3,0.0,217.86,91.44,0.0,31.0,2020-10-13,False,True,309.3,,,,
西藏自治区,2020-10,2020-11-13,0.0,0.0,19.0,19.0,https://www.celma.org.cn/dfzfxjh/49501.jhtml,19.0,0.0,0.0,19.0,0.0,1.0,2020-10-12,True,True,19.0,-24.0,False,0.0,1.0
贵州省,2020-10,2020-09-15,5.2,0.0,289.52,294.72,https://www.celma.org.cn/dfzfxjh/50640.jhtml,292.96,5.2,0.0,287.76,0.0,3.0,2020-10-27,True,True,292.96,26.0,True,-1.76,0.99
辽宁省,2020-10,,,,,,,77.0,0.0,0.0,77.0,0.0,1.0,2020-10-21,False,True,77.0,,,,
陕西省,2020-10,,,,,,,165.06,0.0,47.4,117.66,0.0,5.0,2020-10-22,False,True,165.06,,,,
青岛市,2020-10,2020-11-03,0.0,0.0,14.9,14.9,https://www.celma.org.cn/dfzfxjh/49383.jhtml,14.9,0.0,0.0,14.9,0.0,3.0,2020-10-19,True,True,14.9,-11.0,False,0.0,1.0
黑龙江省,2020-10,2020-11-11,0.0,5.3,240.23,245.53,https://www.celma.org.cn/dfzfxjh/49455.jhtml,245.53,0.0,5.3,240.23,0.0,3.0,2020-10-29,True,True,245.53,-9.0,False,0.0,1.0
云南省,2020-11,,,,,,,113.2,0.0,0.0,113.2,0.0,1.0,2020-11-02,False,True,113.2,,,,
内蒙古自治区,2020-11,,,,,,,53.62,0.0,0.0,53.62,0.0,2.0,2020-11-20,False,True,53.62,,,,
北京市,2020-11,,,,,,,105.24,0.0,0.0,105.24,0.0,4.0,2020-11-10,False,True,105.24,,,,
厦门市,2020-11,2020-11-01,0.0,0.0,0.0,0.0,https://www.celma.org.cn/dfzfxjh/49365.jhtml,,,,,,,,True,False,,,False,,
宁夏回族自治区,2020-11,2020-10-20,0.0,0.0,0.0,0.0,https://www.celma.org.cn/dfzfxjh/49525.jhtml,,,,,,,,True,False,,,True,,
宁波市,2020-11,2020-10-28,0.0,0.0,40.14,40.14,https://www.celma.org.cn/dfzfxjh/49341.jhtml,40.13,0.0,0.0,40.13,0.0,4.0,2020-11-09,True,True,40.13,8.0,False,-0.01,1.0
安徽省,2020-11,2020-10-20,0.0,0.0,0.0,0.0,https://www.celma.org.cn/dfzfxjh/49302.jhtml,,,,,,,,True,False,,,True,,
山东省,2020-11,2020-10-19,,,,,https://www.celma.org.cn/dfzfxjh/49294.jhtml,,,,,,,,True,False,,,True,,
山西省,2020-11,,,,,,,162.38,0.0,0.0,162.38,0.0,3.0,2020-11-12,False,True,162.38,,,,
新疆生产建设兵团,2020-11,2021-08-04,0.0,0.0,6.02,6.02,https://www.celma.org.cn/dfzfxjh/52067.jhtml,6.02,0.0,0.0,6.02,0.0,2.0,2020-11-05,True,True,6.02,-187.0,False,0.0,1.0
新疆维吾尔自治区,2020-11,,,,,,,81.2,0.0,0.0,81.2,0.0,1.0,2020-11-12,False,True,81.2,,,,
江苏省,2020-11,2020-12-08,0.0,0.0,0.0,0.0,https://www.celma.org.cn/dfzfxjh/49618.jhtml,,,,,,,,True,False,,,False,,
河北省,2020-11,2020-12-17,0.0,0.0,0.0,0.0,https://www.celma.org.cn/dfzfxjh/49994.jhtml,,,,,,,,True,False,,,False,,
浙江省,2020-11,,,,,,,156.9,0.0,0.0,156.9,0.0,2.0,2020-11-12,False,True,156.9,,,,
海南省,2020-11,2020-11-04,0.0,0.0,0.0,0.0,https://www.celma.org.cn/dfzfxjh/49388.jhtml,,,,,,,,True,False,,,False,,
湖南省,2020-11,,,,,,,417.94,0.0,0.0,417.94,0.0,3.0,2020-11-10,False,True,417.94,,,,
贵州省,2020-11,2020-10-13,0.0,0.0,138.48,138.48,https://www.celma.org.cn/dfzfxjh/50641.jhtml,138.29,0.0,0.0,138.29,0.0,2.0,2020-11-19,True,True,138.29,27.0,True,-0.19,1.0
辽宁省,2020-11,2020-12-08,0.0,0.0,88.11,88.11,https://www.celma.org.cn/dfzfxjh/49612.jhtml,88.1,0.0,0.0,88.1,0.0,2.0,2020-11-19,True,True,88.1,-13.0,False,-0.01,1.0
青岛市,2020-11,,,,,,,4.2,0.0,0.0,4.2,0.0,1.0,2020-11-27,False,True,4.2,,,,
上海市,2020-12,2021-12-08,0.0,46.9,0.0,46.9,https://www.celma.org.cn/dfzfxjh/53377.jhtml,46.9,0.0,46.9,0.0,0.0,1.0,2020-12-14,True,True,46.9,-246.0,False,0.0,1.0
内蒙古自治区,2020-12,,,,,,,85.0,0.0,85.0,0.0,0.0,2.0,2020-12-30,False,True,85.0,,,,
天津市,2020-12,,,,,,,212.9,0.0,0.0,212.9,0.0,4.0,2020-12-01,False,True,212.9,,,,
宁夏回族自治区,2020-12,,,,,,,55.0,0.0,0.0,55.0,0.0,2.0,2020-12-28,False,True,55.0,,,,
山东省,2020-12,2020-11-19,,,,,https://www.celma.org.cn/dfzfxjh/49535.jhtml,95.68,1.9,0.0,93.78,0.0,3.0,2020-12-28,True,True,95.68,27.0,True,,
山西省,2020-12,,,,,,,293.28,0.0,153.0,140.28,0.0,7.0,2020-12-23,False,True,293.28,,,,
广东省,2020-12,,,,,,,100.0,0.0,100.0,0.0,0.0,1.0,2020-12-07,False,True,100.0,,,,
广西壮族自治区,2020-12,,,,,,,173.0,25.0,118.0,30.0,0.0,6.0,2020-12-15,False,True,173.0,,,,
江苏省,2020-12,2021-01-06,0.0,0.0,150.0,150.0,https://www.celma.org.cn/dfzfxjh/50628.jhtml,150.0,0.0,0.0,150.0,0.0,1.0,2020-12-04,True,True,150.0,-22.0,False,0.0,1.0
河北省,2020-12,,,,,,,180.0,0.0,0.0,180.0,0.0,4.0,2020-12-29,False,True,180.0,,,,
浙江省,2020-12,,,,,,,50.0,0.0,50.0,0.0,0.0,1.0,2020-12-25,False,True,50.0,,,,
海南省,2020-12,2020-12-24,0.0,0.0,0.0,0.0,https://www.celma.org.cn/dfzfxjh/50466.jhtml,,,,,,,,True,False,,,False,,
甘肃省,2020-12,2023-04-18,0.0,0.0,46.0,46.0,https://www.celma.org.cn/dfzfxjh/57032.jhtml,46.67,0.0,0.0,46.67,0.0,2.0,2020-12-28,True,True,46.67,-574.0,False,0.67,1.01
贵州省,2020-12,2021-01-08,0.0,0.0,130.61,130.61,https://www.celma.org.cn/dfzfxjh/50642.jhtml,130.61,0.0,0.0,130.61,0.0,2.0,2020-12-30,True,True,130.61,-6.0,False,0.0,1.0
辽宁省,2020-12,2021-01-11,0.0,0.0,216.59,216.59,https://www.celma.org.cn/dfzfxjh/50700.jhtml,216.59,0.0,0.0,216.59,0.0,1.0,2020-12-03,True,True,216.59,-26.0,False,0.0,1.0
黑龙江省,2020-12,,,,,,,0.5,0.5,0.0,0.0,0.0,1.0,2020-12-29,False,True,0.5,,,,
云南省,2021-01,,,,,,,97.0,0.0,0.0,97.0,0.0,2.0,2021-01-25,False,True,97.0,,,,
内蒙古自治区,2021-01,,,,,,,188.0,0.0,0.0,188.0,0.0,2.0,2021-01-13,False,True,188.0,,,,
北京市,2021-01,,,,,,,200.0,0.0,0.0,200.0,0.0,6.0,2021-01-27,False,True,200.0,,,,
吉林省,2021-01,,,,,,,68.0,0.0,0.0,68.0,0.0,2.0,2021-01-20,False,True,68.0,,,,
四川省,2021-01,,,,,,,339.0,0.0,0.0,339.0,0.0,2.0,2021-01-15,False,True,339.0,,,,
大连市,2021-01,,,,,,,225.0,0.0,0.0,225.0,0.0,2.0,2021-01-08,False,True,225.0,,,,
宁夏回族自治区,2021-01,2020-12-18,0.0,0.0,0.0,0.0,https://www.celma.org.cn/dfzfxjh/51033.jhtml,,,,,,,,True,False,,,True,,
宁波市,2021-01,,,,,,,112.0,0.0,0.0,112.0,0.0,2.0,2021-01-22,False,True,112.0,,,,
安徽省,2021-01,2021-01-28,0.0,0.0,221.0,221.0,https://www.celma.org.cn/dfzfxjh/50755.jhtml,221.0,0.0,0.0,221.0,0.0,2.0,2021-01-28,True,True,221.0,0.0,False,0.0,1.0
山东省,2021-01,2020-12-18,0.0,0.0,195.45,195.45,https://www.celma.org.cn/dfzfxjh/50919.jhtml,195.45,0.0,0.0,195.45,0.0,2.0,2021-01-26,True,True,195.45,26.0,True,0.0,1.0
山西省,2021-01,2021-10-12,0.0,0.0,0.0,0.0,https://www.celma.org.cn/dfzfxjh/52817.jhtml,,,,,,,,True,False,,,False,,
广西壮族自治区,2021-01,2020-12-14,0.0,0.0,0.0,0.0,https://www.celma.org.cn/dfzfxjh/56456.jhtml,,,,,,,,True,False,,,True,,
新疆维吾尔自治区,2021-01,,,,,,,95.0,0.0,0.0,95.0,0.0,2.0,2021-01-14,False,True,95.0,,,,
江苏省,2021-01,2021-02-02,0.0,0.0,322.0,322.0,https://www.celma.org.cn/dfzfxjh/50809.jhtml,322.0,0.0,0.0,322.0,0.0,2.0,2021-01-15,True,True,322.0,-12.0,False,0.0,1.0
河北省,2021-01,2021-12-06,0.0,0.0,0.0,0.0,https://www.celma.org.cn/dfzfxjh/53292.jhtml,,,,,,,,True,False,,,False,,
浙江省,2021-01,,,,,,,160.0,0.0,0.0,160.0,0.0,2.0,2021-01-22,False,True,160.0,,,,
海南省,2021-01,2021-06-02,0.0,0.0,0.0,0.0,https://www.celma.org.cn/dfzfxjh/51513.jhtml,,,,,,,,True,False,,,False,,
湖南省,2021-01,,,,,,,147.37,0.0,0.0,147.37,0.0,2.0,2021-01-22,False,True,147.37,,,,
福建省,2021-01,,,,,,,302.0,0.0,0.0,302.0,0.0,2.0,2021-01-26,False,True,302.0,,,,
贵州省,2021-01,2021-02-18,0.0,0.0,163.54,163.54,https://www.celma.org.cn/dfzfxjh/50898.jhtml,163.54,0.0,0.0,163.54,0.0,2.0,2021-01-27,True,True,163.54,-12.0,False,0.0,1.0
辽宁省,2021-01,,,,,,,193.0,0.0,0.0,193.0,0.0,2.0,2021-01-19,False,True,193.0,,,,
重庆市,2021-01,,,,,,,276.0,0.0,0.0,276.0,0.0,1.0,2021-01-29,False,True,276.0,,,,
陕西省,2021-01,,,,,,,248.0,0.0,0.0,248.0,0.0,2.0,2021-01-19,False,True,248.0,,,,
青海省,2021-01,2021-01-27,0.0,0.0,71.0,71.0,https://www.celma.org.cn/dfzfxjh/50750.jhtml,71.0,0.0,0.0,71.0,0.0,2.0,2021-01-25,True,True,71.0,-2.0,False,0.0,1.0
黑龙江省,2021-01,2020-12-18,0.0,0.0,0.0,0.0,https://www.celma.org.cn/dfzfxjh/55841.jhtml,,,,,,,,True,False,,,True,,
宁夏回族自治区,2021-02,2021-01-18,0.0,0.0,0.0,0.0,https://www.celma.org.cn/dfzfxjh/51034.jhtml,,,,,,,,True,False,,,True,,
山东省,2021-02,2021-01-20,0.0,0.0,0.0,0.0,https://www.celma.org.cn/dfzfxjh/50920.jhtml,,,,,,,,True,False,,,True,,
山西省,2021-02,2021-10-12,0.0,0.0,0.0,0.0,https://www.celma.org.cn/dfzfxjh/52818.jhtml,,,,,,,,True,False,,,False,,
广西壮族自治区,2021-02,2021-01-15,0.0,0.0,0.0,0.0,https://www.celma.org.cn/dfzfxjh/56457.jhtml,,,,,,,,True,False,,,True,,
新疆生产建设兵团,2021-02,2021-06-02,0.0,0.0,348.0,348.0,https://www.celma.org.cn/dfzfxjh/51533.jhtml,348.0,0.0,0.0,348.0,0.0,2.0,2021-02-05,True,True,348.0,-78.0,False,0.0,1.0
江苏省,2021-02,2021-02-02,0.0,0.0,0.0,0.0,https://www.celma.org.cn/dfzfxjh/50810.jhtml,,,,,,,,True,False,,,False,,
河北省,2021-02,2021-12-06,0.0,0.0,0.0,0.0,https://www.celma.org.cn/dfzfxjh/53293.jhtml,,,,,,,,True,False,,,False,,
河南省,2021-02,,,,,,,209.24,0.0,0.0,209.24,0.0,2.0,2021-02-04,False,True,209.24,,,,
浙江省,2021-02,2021-01-20,0.0,0.0,0.0,0.0,https://www.celma.org.cn/dfzfxjh/56016.jhtml,,,,,,,,True,False,,,True,,
黑龙江省,2021-02,2021-01-18,0.0,0.0,0.0,0.0,https://www.celma.org.cn/dfzfxjh/55842.jhtml,,,,,,,,True,False,,,True,,
云南省,2021-03,,,,,,,136.23,0.0,0.0,136.23,0.0,2.0,2021-03-17,False,True,136.23,,,,
内蒙古自治区,2021-03,,,,,,,175.46,0.0,0.0,175.46,0.0,1.0,2021-03-09,False,True,175.46,,,,
吉林省,2021-03,2021-02-19,0.0,0.0,187.19,187.19,https://www.celma.org.cn/dfzfxjh/51057.jhtml,187.19,0.0,0.0,187.19,0.0,2.0,2021-03-25,True,True,187.19,25.0,True,0.0,1.0
四川省,2021-03,,,,,,,395.7,0.0,114.0,281.7,0.0,4.0,2021-03-09,False,True,395.7,,,,
天津市,2021-03,,,,,,,326.15,0.0,0.0,326.15,0.0,4.0,2021-03-15,False,True,326.15,,,,
宁夏回族自治区,2021-03,2021-02-20,0.0,0.0,13.72,13.72,https://www.celma.org.cn/dfzfxjh/51032.jhtml,13.72,0.0,0.0,13.72,0.0,1.0,2021-03-23,True,True,13.72,22.0,True,0.0,1.0
安徽省,2021-03,2021-02-23,0.0,0.0,205.56,205.56,https://www.celma.org.cn/dfzfxjh/50918.jhtml,205.56,0.0,0.0,205.56,0.0,2.0,2021-03-09,True,True,205.56,10.0,False,0.0,1.0
山东省,2021-03,2021-02-20,,,,,https://www.celma.org.cn/dfzfxjh/50911.jhtml,339.89,0.0,0.0,339.89,0.0,4.0,2021-03-02,True,True,339.89,7.0,True,,
山西省,2021-03,2021-10-12,0.0,0.0,0.0,0.0,https://www.celma.org.cn/dfzfxjh/52819.jhtml,,,,,,,,True,False,,,False,,
广东省,2021-03,2021-04-14,0.0,0.0,510.71,510.71,https://www.celma.org.cn/dfzfxjh/51093.jhtml,510.71,0.0,0.0,510.71,0.0,4.0,2021-03-11,True,True,510.71,-23.0,False,0.0,1.0
广西壮族自治区,2021-03,2021-02-12,0.0,0.0,204.62,204.62,https://www.celma.org.cn/dfzfxjh/56458.jhtml,204.63,0.0,0.0,204.63,0.0,2.0,2021-03-16,True,True,204.63,20.0,True,0.01,1.0
新疆维吾尔自治区,2021-03,,,,,,,43.1,0.0,0.0,43.1,0.0,1.0,2021-03-18,False,True,43.1,,,,
江苏省,2021-03,2021-03-05,0.0,0.0,450.3,450.3,https://www.celma.org.cn/dfzfxjh/50977.jhtml,450.3,0.0,0.0,450.3,0.0,2.0,2021-03-12,True,True,450.3,5.0,False,0.0,1.0
江西省,2021-03,,,,,,,298.58,0.0,0.0,298.58,0.0,4.0,2021-03-10,False,True,298.58,,,,
河北省,2021-03,2021-12-06,0.0,0.0,204.56,204.56,https://www.celma.org.cn/dfzfxjh/53294.jhtml,204.56,0.0,0.0,204.56,0.0,2.0,2021-03-18,True,True,204.56,-180.0,False,0.0,1.0
浙江省,2021-03,2021-02-19,0.0,0.0,0.0,0.0,https://www.celma.org.cn/dfzfxjh/56004.jhtml,,,,,,,,True,False,,,True,,
湖北省,2021-03,,,,,,,588.75,100.0,150.0,338.75,0.0,13.0,2021-03-11,False,True,588.75,,,,
西藏自治区,2021-03,2021-06-08,0.0,0.0,22.0,22.0,https://www.celma.org.cn/dfzfxjh/51613.jhtml,22.0,0.0,0.0,22.0,0.0,2.0,2021-03-31,True,True,22.0,-47.0,False,0.0,1.0
贵州省,2021-03,2021-02-10,0.0,0.0,163.29,163.29,https://www.celma.org.cn/dfzfxjh/51196.jhtml,163.29,0.0,0.0,163.29,0.0,2.0,2021-03-11,True,True,163.29,17.0,True,0.0,1.0
辽宁省,2021-03,2021-04-08,0.0,0.0,354.35,354.35,https://www.celma.org.cn/dfzfxjh/51073.jhtml,354.35,0.0,0.0,354.35,0.0,3.0,2021-03-23,True,True,354.35,-11.0,False,0.0,1.0
陕西省,2021-03,,,,,,,116.5,0.0,0.0,116.5,0.0,1.0,2021-03-25,False,True,116.5,,,,
青岛市,2021-03,,,,,,,33.83,0.0,0.0,33.83,0.0,3.0,2021-03-12,False,True,33.83,,,,
黑龙江省,2021-03,2021-02-19,0.0,0.0,0.0,0.0,https://www.celma.org.cn/dfzfxjh/55843.jhtml,,,,,,,,True,False,,,True,,
云南省,2021-04,,,,,,,157.45,157.45,0.0,0.0,0.0,2.0,2021-04-26,False,True,157.45,,,,
内蒙古自治区,2021-04,,,,,,,80.55,0.0,0.0,80.55,0.0,2.0,2021-04-27,False,True,80.55,,,,
宁夏回族自治区,2021-04,2021-03-19,0.0,0.0,0.0,0.0,https://www.celma.org.cn/dfzfxjh/51288.jhtml,,,,,,,,True,False,,,True,,
山东省,2021-04,2021-03-19,,,,,https://www.celma.org.cn/dfzfxjh/51021.jhtml,1109.29,112.0,790.49,206.8,0.0,14.0,2021-04-14,True,True,1109.29,17.0,True,,
山西省,2021-04,2021-08-06,20.34,0.0,109.79,130.13,https://www.celma.org.cn/dfzfxjh/52106.jhtml,130.13,20.34,0.0,109.79,0.0,4.0,2021-04-01,True,True,130.13,-88.0,False,0.0,1.0
广东省,2021-04,,,,,,,988.59,113.14,641.33,234.12,0.0,28.0,2021-04-20,False,True,988.59,,,,
广西壮族自治区,2021-04,2021-03-18,210.02,373.0,0.0,583.02,https://www.celma.org.cn/dfzfxjh/51016.jhtml,110.0,0.0,110.0,0.0,0.0,3.0,2021-04-21,True,True,110.0,23.0,True,-473.02,0.19
新疆维吾尔自治区,2021-04,,,,,,,164.7,120.3,0.0,44.4,0.0,2.0,2021-04-15,False,True,164.7,,,,
江苏省,2021-04,2021-03-26,0.0,0.0,315.35,315.35,https://www.celma.org.cn/dfzfxjh/51038.jhtml,315.35,0.0,0.0,315.35,0.0,3.0,2021-04-23,True,True,315.35,19.0,False,-0.0,1.0
江西省,2021-04,2021-04-23,209.42,77.67,0.0,287.09,https://www.celma.org.cn/dfzfxjh/51144.jhtml,287.09,209.42,77.67,0.0,0.0,4.0,2021-04-28,True,True,287.09,4.0,False,0.0,1.0
河北省,2021-04,2021-12-06,248.76,142.68,0.0,391.44,https://www.celma.org.cn/dfzfxjh/53295.jhtml,391.44,248.76,142.68,0.0,0.0,5.0,2021-04-22,True,True,391.44,-156.0,False,0.0,1.0
河南省,2021-04,,,,,,,586.65,143.92,246.66,196.07,0.0,12.0,2021-04-08,False,True,586.65,,,,
浙江省,2021-04,2021-03-19,0.0,0.0,438.2,438.2,https://www.celma.org.cn/dfzfxjh/56005.jhtml,438.2,0.0,0.0,438.2,0.0,4.0,2021-04-06,True,True,438.2,11.0,True,0.0,1.0
海南省,2021-04,2021-04-16,0.0,0.0,55.23,55.23,https://www.celma.org.cn/dfzfxjh/51124.jhtml,55.23,0.0,0.0,55.23,0.0,1.0,2021-04-13,True,True,55.23,-3.0,False,0.0,1.0
深圳市,2021-04,,,,,,,9.0,0.0,0.0,9.0,0.0,1.0,2021-04-26,False,True,9.0,,,,
湖北省,2021-04,2021-04-25,136.22,21.64,0.0,157.86,https://www.celma.org.cn/dfzfxjh/51151.jhtml,157.86,136.22,21.64,0.0,0.0,4.0,2021-04-27,True,True,157.86,2.0,False,0.0,1.0
湖南省,2021-04,,,,,,,727.14,0.0,0.0,727.14,0.0,5.0,2021-04-09,False,True,727.14,,,,
甘肃省,2021-04,2021-05-10,60.0,0.0,175.55,235.55,https://www.celma.org.cn/dfzfxjh/51179.jhtml,235.55,60.0,0.0,175.55,0.0,3.0,2021-04-13,True,True,235.55,-18.0,False,0.0,1.0
贵州省,2021-04,2021-03-10,0.0,0.0,433.43,433.43,https://www.celma.org.cn/dfzfxjh/51197.jhtml,433.43,0.0,0.0,433.43,0.0,4.0,2021-04-01,True,True,433.43,16.0,True,0.0,1.0
辽宁省,2021-04,2021-05-10,0.0,0.0,151.59,151.59,https://www.celma.org.cn/dfzfxjh/51185.jhtml,151.59,0.0,0.0,151.59,0.0,2.0,2021-04-16,True,True,151.59,-15.0,False,0.0,1.0
重庆市,2021-04,,,,,,,372.7,0.0,0.0,372.7,0.0,2.0,2021-04-08,False,True,372.7,,,,
陕西省,2021-04,,,,,,,307.85,0.0,0.0,307.85,0.0,2.0,2021-04-20,False,True,307.85,,,,
黑龙江省,2021-04,2021-05-13,21.55,25.62,501.29,548.46,https://www.celma.org.cn/dfzfxjh/51248.jhtml,548.46,21.55,25.61,501.3,0.0,11.0,2021-04-01,True,True,548.46,-28.0,False,0.0,1.0
云南省,2021-05,,,,,,,277.88,0.0,0.0,277.88,0.0,2.0,2021-05-19,False,True,277.88,,,,
内蒙古自治区,2021-05,,,,,,,85.2,0.0,0.0,85.2,0.0,1.0,2021-05-25,False,True,85.2,,,,
厦门市,2021-05,2021-06-10,22.0,119.0,11.46,152.46,https://www.celma.org.cn/dfzfxjh/51634.jhtml,152.46,22.0,119.0,11.46,0.0,14.0,2021-05-07,True,True,152.46,-25.0,False,0.0,1.0
吉林省,2021-05,2021-04-19,164.0,61.06,83.31,308.37,https://www.celma.org.cn/dfzfxjh/51594.jhtml,308.37,164.0,61.06,83.31,0.0,8.0,2021-05-27,True,True,308.37,27.0,True,0.0,1.0
四川省,2021-05,,,,,,,503.77,230.0,0.0,273.77,0.0,6.0,2021-05-10,False,True,503.77,,,,
大连市,2021-05,2021-05-20,19.0,0.0,80.63,99.63,https://www.celma.org.cn/dfzfxjh/51291.jhtml,99.63,19.0,0.0,80.63,0.0,4.0,2021-05-07,True,True,99.63,-10.0,False,0.0,1.0
天津市,2021-05,,,,,,,272.85,0.0,0.0,272.85,0.0,4.0,2021-05-20,False,True,272.85,,,,
宁夏回族自治区,2021-05,2021-04-20,0.0,0.0,33.33,33.33,https://www.celma.org.cn/dfzfxjh/51277.jhtml,33.33,0.0,0.0,33.33,0.0,3.0,2021-05-11,True,True,33.33,14.0,True,0.0,1.0
宁波市,2021-05,2021-04-20,14.0,119.0,73.88,206.88,https://www.celma.org.cn/dfzfxjh/51129.jhtml,204.88,12.0,119.0,73.88,0.0,13.0,2021-05-21,True,True,204.88,22.0,True,-2.0,0.99
安徽省,2021-05,2021-05-12,123.0,299.07,99.12,521.19,https://www.celma.org.cn/dfzfxjh/51221.jhtml,521.19,123.0,299.07,99.12,0.0,11.0,2021-05-18,True,True,521.19,4.0,False,0.0,1.0
山东省,2021-05,2021-04-20,,,,,https://www.celma.org.cn/dfzfxjh/51131.jhtml,455.96,0.0,272.99,182.97,0.0,8.0,2021-05-25,True,True,455.96,24.0,True,,
山西省,2021-05,2021-10-12,95.64,109.5,0.0,205.14,https://www.celma.org.cn/dfzfxjh/52820.jhtml,205.14,95.64,109.5,0.0,0.0,7.0,2021-05-27,True,True,205.14,-93.0,False,0.0,1.0
广西壮族自治区,2021-05,2021-04-20,200.02,73.0,209.96,482.98,https://www.celma.org.cn/dfzfxjh/51132.jhtml,703.9,210.02,263.0,230.88,0.0,9.0,2021-05-12,True,True,703.9,15.0,True,220.92,1.46
新疆生产建设兵团,2021-05,2021-06-02,48.0,24.0,0.0,72.0,https://www.celma.org.cn/dfzfxjh/51534.jhtml,72.0,48.0,24.0,0.0,0.0,4.0,2021-05-25,True,True,72.0,-6.0,False,0.0,1.0
新疆维吾尔自治区,2021-05,,,,,,,252.0,85.5,166.5,0.0,0.0,7.0,2021-05-20,False,True,252.0,,,,
江苏省,2021-05,2021-05-24,218.0,131.54,0.0,349.54,https://www.celma.org.cn/dfzfxjh/51328.jhtml,349.54,218.0,131.54,0.0,0.0,2.0,2021-05-31,True,True,349.54,5.0,False,0.0,1.0
河北省,2021-05,2021-12-06,0.0,0.0,269.06,269.06,https://www.celma.org.cn/dfzfxjh/53296.jhtml,269.06,0.0,0.0,269.06,0.0,2.0,2021-05-12,True,True,269.06,-143.0,False,0.0,1.0
河南省,2021-05,,,,,,,637.58,0.0,379.36,258.22,0.0,11.0,2021-05-24,False,True,637.58,,,,
浙江省,2021-05,2021-04-20,231.2,358.4,0.0,589.6,https://www.celma.org.cn/dfzfxjh/56006.jhtml,589.6,231.2,358.4,0.0,0.0,11.0,2021-05-10,True,True,589.6,13.0,True,0.0,1.0
海南省,2021-05,2021-05-12,0.0,0.0,55.61,55.61,https://www.celma.org.cn/dfzfxjh/51230.jhtml,55.61,0.0,0.0,55.61,0.0,1.0,2021-05-07,True,True,55.61,-4.0,False,0.0,1.0
深圳市,2021-05,,,,,,,192.03,0.0,192.03,0.0,0.0,24.0,2021-05-28,False,True,192.03,,,,
湖北省,2021-05,,,,,,,388.7,33.03,75.92,279.75,0.0,24.0,2021-05-10,False,True,388.7,,,,
湖南省,2021-05,,,,,,,95.0,95.0,0.0,0.0,0.0,2.0,2021-05-24,False,True,95.0,,,,
甘肃省,2021-05,2021-05-27,65.46,275.0,0.0,340.46,https://www.celma.org.cn/dfzfxjh/51420.jhtml,340.46,65.46,275.0,0.0,0.0,7.0,2021-05-18,True,True,340.46,-7.0,False,0.0,1.0
贵州省,2021-05,2021-04-09,0.0,0.0,286.49,286.49,https://www.celma.org.cn/dfzfxjh/52252.jhtml,286.49,0.0,0.0,286.49,0.0,4.0,2021-05-13,True,True,286.49,23.0,True,0.0,1.0
辽宁省,2021-05,2021-06-15,30.5,153.9,61.0,245.4,https://www.celma.org.cn/dfzfxjh/51695.jhtml,245.4,30.5,153.9,61.0,0.0,8.0,2021-05-19,True,True,245.4,-18.0,False,0.0,1.0
重庆市,2021-05,,,,,,,361.97,67.0,294.97,0.0,0.0,2.0,2021-05-14,False,True,361.97,,,,
陕西省,2021-05,,,,,,,93.92,93.92,0.0,0.0,0.0,1.0,2021-05-24,False,True,93.92,,,,
青岛市,2021-05,,,,,,,297.64,55.0,190.0,52.64,0.0,11.0,2021-05-11,False,True,297.64,,,,
青海省,2021-05,2021-05-12,72.0,0.0,84.07,156.07,https://www.celma.org.cn/dfzfxjh/51241.jhtml,156.07,72.0,0.0,84.07,0.0,3.0,2021-05-25,True,True,156.07,9.0,False,0.0,1.0
黑龙江省,2021-05,2021-04-19,211.18,34.63,0.0,245.81,https://www.celma.org.cn/dfzfxjh/51639.jhtml,245.82,211.18,34.64,0.0,0.0,7.0,2021-05-13,True,True,245.82,17.0,True,0.01,1.0
云南省,2021-06,,,,,,,460.0,0.0,460.0,0.0,0.0,8.0,2021-06-17,False,True,460.0,,,,
内蒙古自治区,2021-06,,,,,,,291.48,197.1,0.0,94.38,0.0,4.0,2021-06-17,False,True,291.48,,,,
北京市,2021-06,,,,,,,501.47,78.04,344.27,79.16,0.0,12.0,2021-06-03,False,True,501.47,,,,
吉林省,2021-06,2021-05-19,0.0,48.25,0.0,48.25,https://www.celma.org.cn/dfzfxjh/51822.jhtml,48.25,0.0,48.25,0.0,0.0,6.0,2021-06-22,True,True,48.25,23.0,True,0.0,1.0
四川省,2021-06,,,,,,,916.34,44.0,761.03,111.31,0.0,26.0,2021-06-10,False,True,916.34,,,,
大连市,2021-06,2021-07-14,0.0,0.0,19.47,19.47,https://www.celma.org.cn/dfzfxjh/51881.jhtml,19.47,0.0,0.0,19.47,0.0,2.0,2021-06-02,True,True,19.47,-29.0,False,0.0,1.0
天津市,2021-06,,,,,,,516.2,41.0,320.68,154.52,0.0,11.0,2021-06-08,False,True,516.2,,,,
宁夏回族自治区,2021-06,2021-05-20,36.1,0.0,41.79,77.89,https://www.celma.org.cn/dfzfxjh/52647.jhtml,77.89,36.1,0.0,41.79,0.0,5.0,2021-06-08,True,True,77.89,13.0,True,0.0,1.0
安徽省,2021-06,2021-06-07,0.0,173.12,314.96,488.08,https://www.celma.org.cn/dfzfxjh/51575.jhtml,488.08,0.0,173.12,314.96,0.0,6.0,2021-06-15,True,True,488.08,5.0,False,0.0,1.0
山东省,2021-06,2021-05-20,,,,,https://www.celma.org.cn/dfzfxjh/51381.jhtml,167.01,0.0,88.41,78.6,0.0,8.0,2021-06-22,True,True,167.01,22.0,True,,
山西省,2021-06,2021-08-06,0.0,24.6,52.64,77.24,https://www.celma.org.cn/dfzfxjh/52107.jhtml,77.24,0.0,24.6,52.64,0.0,4.0,2021-06-22,True,True,77.24,-33.0,False,0.0,1.0
广东省,2021-06,,,,,,,832.78,103.08,420.75,308.95,0.0,30.0,2021-06-08,False,True,832.78,,,,
广西壮族自治区,2021-06,2021-05-20,0.0,0.0,20.91,20.91,https://www.celma.org.cn/dfzfxjh/51472.jhtml,,,,,,,,True,False,,,True,,
新疆维吾尔自治区,2021-06,,,,,,,194.2,5.7,188.5,0.0,0.0,7.0,2021-06-24,False,True,194.2,,,,
江苏省,2021-06,2021-05-28,0.0,0.0,496.38,496.38,https://www.celma.org.cn/dfzfxjh/51469.jhtml,496.38,0.0,0.0,496.38,0.0,3.0,2021-06-25,True,True,496.38,19.0,False,0.0,1.0
江西省,2021-06,2021-06-09,0.0,331.04,82.33,413.37,https://www.celma.org.cn/dfzfxjh/51620.jhtml,413.38,0.0,331.05,82.33,0.0,8.0,2021-06-15,True,True,413.38,3.0,False,0.01,1.0
河北省,2021-06,2021-12-06,80.0,275.32,0.0,355.32,https://www.celma.org.cn/dfzfxjh/53297.jhtml,355.32,80.0,275.32,0.0,0.0,7.0,2021-06-15,True,True,355.32,-120.0,False,0.0,1.0
河南省,2021-06,,,,,,,330.42,61.0,13.76,255.66,0.0,7.0,2021-06-16,False,True,330.42,,,,
浙江省,2021-06,2021-05-20,0.0,0.0,213.7,213.7,https://www.celma.org.cn/dfzfxjh/56007.jhtml,213.7,0.0,0.0,213.7,0.0,3.0,2021-06-10,True,True,213.7,15.0,True,0.0,1.0
海南省,2021-06,2021-06-23,50.01,0.0,0.0,50.01,https://www.celma.org.cn/dfzfxjh/51766.jhtml,50.01,50.01,0.0,0.0,0.0,2.0,2021-06-17,True,True,50.01,-4.0,False,0.0,1.0
湖北省,2021-06,,,,,,,48.17,0.0,48.17,0.0,0.0,12.0,2021-06-21,False,True,48.17,,,,
湖南省,2021-06,,,,,,,154.0,154.0,0.0,0.0,0.0,1.0,2021-06-03,False,True,154.0,,,,
福建省,2021-06,,,,,,,954.59,122.0,572.99,259.6,0.0,19.0,2021-06-03,False,True,954.59,,,,
西藏自治区,2021-06,2021-07-21,23.0,20.0,0.0,43.0,https://www.celma.org.cn/dfzfxjh/51930.jhtml,43.0,23.0,20.0,0.0,0.0,9.0,2021-06-23,True,True,43.0,-20.0,False,0.0,1.0
贵州省,2021-06,2021-05-10,0.0,0.0,49.94,49.94,https://www.celma.org.cn/dfzfxjh/52253.jhtml,49.94,0.0,0.0,49.94,0.0,1.0,2021-06-22,True,True,49.94,30.0,True,0.0,1.0
黑龙江省,2021-06,2021-07-27,36.88,212.55,0.0,249.43,https://www.celma.org.cn/dfzfxjh/51958.jhtml,249.44,36.88,212.56,0.0,0.0,11.0,2021-06-17,True,True,249.44,-28.0,False,0.01,1.0
上海市,2021-07,2021-12-08,242.0,446.6,0.0,688.6,https://www.celma.org.cn/dfzfxjh/53378.jhtml,688.6,242.0,446.6,0.0,0.0,11.0,2021-07-26,True,True,688.6,-93.0,False,-0.0,1.0
云南省,2021-07,,,,,,,97.8,0.0,0.0,97.8,0.0,2.0,2021-07-06,False,True,97.8,,,,
北京市,2021-07,,,,,,,215.26,0.0,0.0,215.26,0.0,8.0,2021-07-02,False,True,215.26,,,,
厦门市,2021-07,2021-08-04,7.0,127.0,0.0,134.0,https://www.celma.org.cn/dfzfxjh/52074.jhtml,134.0,7.0,127.0,0.0,0.0,9.0,2021-07-15,True,True,134.0,-14.0,False,0.0,1.0
吉林省,2021-07,2021-06-19,71.02,33.4,48.46,152.88,https://www.celma.org.cn/dfzfxjh/52050.jhtml,152.88,71.02,33.4,48.46,0.0,6.0,2021-07-20,True,True,152.88,22.0,True,0.0,1.0
四川省,2021-07,,,,,,,215.55,0.0,0.0,215.55,0.0,2.0,2021-07-27,False,True,215.55,,,,
大连市,2021-07,,,,,,,82.93,0.0,45.78,37.15,0.0,8.0,2021-07-14,False,True,82.93,,,,
天津市,2021-07,,,,,,,20.0,20.0,0.0,0.0,0.0,1.0,2021-07-26,False,True,20.0,,,,
宁夏回族自治区,2021-07,2021-06-21,0.0,0.0,0.0,0.0,https://www.celma.org.cn/dfzfxjh/52648.jhtml,,,,,,,,True,False,,,False,,
安徽省,2021-07,2021-07-16,0.0,227.95,0.0,227.95,https://www.celma.org.cn/dfzfxjh/51913.jhtml,227.95,0.0,227.95,0.0,0.0,5.0,2021-07-23,True,True,227.95,5.0,False,0.0,1.0
山东省,2021-07,2021-06-18,,,,,https://www.celma.org.cn/dfzfxjh/51739.jhtml,383.13,0.0,70.36,312.77,0.0,5.0,2021-07-22,True,True,383.13,24.0,True,,
山西省,2021-07,2021-08-06,21.36,72.25,20.99,114.6,https://www.celma.org.cn/dfzfxjh/52108.jhtml,114.6,21.36,72.25,20.99,0.0,7.0,2021-07-07,True,True,114.6,-22.0,False,0.0,1.0
广西壮族自治区,2021-07,2021-06-18,80.22,299.0,0.0,379.22,https://www.celma.org.cn/dfzfxjh/51741.jhtml,,,,,,,,True,False,,,True,,
新疆维吾尔自治区,2021-07,,,,,,,391.9,80.5,174.5,136.9,0.0,7.0,2021-07-28,False,True,391.9,,,,
江苏省,2021-07,2021-07-19,0.0,746.64,0.0,746.64,https://www.celma.org.cn/dfzfxjh/51916.jhtml,746.64,0.0,746.64,0.0,0.0,6.0,2021-07-23,True,True,746.64,4.0,False,0.0,1.0
河北省,2021-07,2021-12-06,0.0,233.84,358.45,592.29,https://www.celma.org.cn/dfzfxjh/53298.jhtml,592.29,0.0,233.84,358.45,0.0,13.0,2021-07-12,True,True,592.29,-101.0,False,0.0,1.0
河南省,2021-07,,,,,,,100.76,0.0,63.48,37.28,0.0,10.0,2021-07-08,False,True,100.76,,,,
浙江省,2021-07,2021-06-18,0.0,189.3,0.0,189.3,https://www.celma.org.cn/dfzfxjh/56008.jhtml,189.3,0.0,189.3,0.0,0.0,7.0,2021-07-02,True,True,189.3,10.0,True,0.0,1.0
海南省,2021-07,2021-08-10,0.0,0.0,0.0,0.0,https://www.celma.org.cn/dfzfxjh/52206.jhtml,,,,,,,,True,False,,,False,,
湖北省,2021-07,,,,,,,169.57,0.0,146.05,23.52,0.0,25.0,2021-07-19,False,True,169.57,,,,
湖南省,2021-07,,,,,,,203.99,0.0,177.11,26.88,0.0,13.0,2021-07-05,False,True,203.99,,,,
贵州省,2021-07,2021-06-09,0.0,109.29,93.66,202.95,https://www.celma.org.cn/dfzfxjh/52613.jhtml,202.95,0.0,109.29,93.66,0.0,13.0,2021-07-13,True,True,202.95,23.0,True,0.0,1.0
辽宁省,2021-07,,,,,,,393.66,45.5,107.1,241.06,0.0,14.0,2021-07-07,False,True,393.66,,,,
重庆市,2021-07,,,,,,,445.01,0.0,97.09,347.92,0.0,4.0,2021-07-09,False,True,445.01,,,,
陕西省,2021-07,,,,,,,599.41,55.08,223.56,320.77,0.0,25.0,2021-07-08,False,True,599.41,,,,
黑龙江省,2021-07,2021-06-18,87.89,111.74,0.0,199.63,https://www.celma.org.cn/dfzfxjh/55844.jhtml,199.63,87.89,111.74,0.0,0.0,8.0,2021-07-22,True,True,199.63,24.0,True,0.0,1.0
云南省,2021-08,,,,,,,55.86,0.0,0.0,55.86,0.0,2.0,2021-08-03,False,True,55.86,,,,
内蒙古自治区,2021-08,,,,,,,392.51,106.02,185.59,100.9,0.0,11.0,2021-08-16,False,True,392.51,,,,
北京市,2021-08,,,,,,,330.16,41.37,242.99,45.8,0.0,14.0,2021-08-20,False,True,330.16,,,,
吉林省,2021-08,2021-07-19,0.0,182.47,0.0,182.47,https://www.celma.org.cn/dfzfxjh/52479.jhtml,182.47,0.0,182.47,0.0,0.0,15.0,2021-08-11,True,True,182.47,17.0,True,0.0,1.0
天津市,2021-08,,,,,,,578.3,5.0,408.99,164.31,0.0,12.0,2021-08-06,False,True,578.3,,,,
宁夏回族自治区,2021-08,2021-07-21,13.0,0.0,19.83,32.83,https://www.celma.org.cn/dfzfxjh/52649.jhtml,32.83,13.0,0.0,19.83,0.0,2.0,2021-08-10,True,True,32.83,14.0,False,0.0,1.0
安徽省,2021-08,2021-08-16,21.1,188.89,0.0,209.99,https://www.celma.org.cn/dfzfxjh/52291.jhtml,209.99,21.1,188.89,0.0,0.0,6.0,2021-08-24,True,True,209.99,6.0,False,-0.0,1.0
山东省,2021-08,2021-07-20,,,,,https://www.celma.org.cn/dfzfxjh/51923.jhtml,1079.57,0.0,431.11,648.46,0.0,10.0,2021-08-24,True,True,1079.57,25.0,True,,
山西省,2021-08,2021-08-06,38.76,35.05,70.52,144.33,https://www.celma.org.cn/dfzfxjh/52109.jhtml,144.33,38.76,35.05,70.52,0.0,9.0,2021-08-05,True,True,144.33,-1.0,False,0.0,1.0
广东省,2021-08,,,,,,,1412.83,54.8,994.71,363.32,0.0,18.0,2021-08-18,False,True,1412.83,,,,
广西壮族自治区,2021-08,2021-07-19,0.0,0.0,85.83,85.83,https://www.celma.org.cn/dfzfxjh/51917.jhtml,455.05,70.22,299.0,85.83,0.0,8.0,2021-08-26,True,True,455.05,28.0,True,369.22,5.3
新疆生产建设兵团,2021-08,2021-08-24,32.0,16.0,0.0,48.0,https://www.celma.org.cn/dfzfxjh/52447.jhtml,48.0,32.0,16.0,0.0,0.0,4.0,2021-08-11,True,True,48.0,-9.0,False,0.0,1.0
新疆维吾尔自治区,2021-08,,,,,,,241.5,5.0,236.5,0.0,0.0,7.0,2021-08-19,False,True,241.5,,,,
江苏省,2021-08,2021-07-29,0.0,0.0,330.82,330.82,https://www.celma.org.cn/dfzfxjh/51975.jhtml,330.82,0.0,0.0,330.82,0.0,3.0,2021-08-20,True,True,330.82,16.0,False,0.0,1.0
江西省,2021-08,,,,,,,212.05,0.0,79.0,133.05,0.0,3.0,2021-08-24,False,True,212.05,,,,
河北省,2021-08,2021-12-06,111.77,91.29,0.0,203.06,https://www.celma.org.cn/dfzfxjh/53299.jhtml,203.06,111.77,91.29,0.0,0.0,8.0,2021-08-25,True,True,203.06,-69.0,False,0.0,1.0
河南省,2021-08,,,,,,,560.0,106.93,453.07,0.0,0.0,10.0,2021-08-17,False,True,560.0,,,,
浙江省,2021-08,2021-07-20,32.2,118.4,0.0,150.6,https://www.celma.org.cn/dfzfxjh/56010.jhtml,150.6,32.2,118.4,0.0,0.0,4.0,2021-08-12,True,True,150.6,17.0,True,0.0,1.0
海南省,2021-08,2021-08-25,40.5,47.84,66.86,155.2,https://www.celma.org.cn/dfzfxjh/52469.jhtml,155.2,40.5,47.84,66.86,0.0,7.0,2021-08-16,True,True,155.2,-7.0,False,0.0,1.0
深圳市,2021-08,,,,,,,155.58,0.0,155.58,0.0,0.0,29.0,2021-08-03,False,True,155.58,,,,
湖北省,2021-08,,,,,,,80.87,0.0,80.87,0.0,0.0,8.0,2021-08-20,False,True,80.87,,,,
湖南省,2021-08,,,,,,,236.67,0.0,145.67,91.0,0.0,15.0,2021-08-05,False,True,236.67,,,,
甘肃省,2021-08,2021-08-13,56.13,0.0,21.71,77.84,https://www.celma.org.cn/dfzfxjh/52267.jhtml,77.84,56.13,0.0,21.71,0.0,2.0,2021-08-04,True,True,77.84,-7.0,False,0.0,1.0
福建省,2021-08,,,,,,,151.04,0.0,0.0,151.04,0.0,2.0,2021-08-03,False,True,151.04,,,,
西藏自治区,2021-08,2021-09-14,0.0,0.0,23.59,23.59,https://www.celma.org.cn/dfzfxjh/52615.jhtml,23.59,0.0,0.0,23.59,0.0,1.0,2021-08-23,True,True,23.59,-16.0,False,0.0,1.0
贵州省,2021-08,,,,,,,339.37,159.56,0.0,179.81,0.0,3.0,2021-08-16,False,True,339.37,,,,
重庆市,2021-08,,,,,,,303.33,0.0,123.32,180.01,0.0,3.0,2021-08-27,False,True,303.33,,,,
陕西省,2021-08,,,,,,,263.87,66.14,197.73,0.0,0.0,10.0,2021-08-23,False,True,263.87,,,,
青岛市,2021-08,,,,,,,273.82,20.0,169.9,83.92,0.0,11.0,2021-08-27,False,True,273.82,,,,
青海省,2021-08,2021-07-15,59.0,58.64,50.21,167.85,https://www.celma.org.cn/dfzfxjh/51899.jhtml,109.21,59.0,0.0,50.21,0.0,3.0,2021-08-02,True,True,109.21,12.0,True,-58.64,0.65
黑龙江省,2021-08,2021-07-19,7.0,0.0,0.0,7.0,https://www.celma.org.cn/dfzfxjh/55845.jhtml,7.0,7.0,0.0,0.0,0.0,1.0,2021-08-24,True,True,7.0,26.0,True,0.0,1.0
上海市,2021-09,2021-12-08,0.0,178.4,344.1,522.5,https://www.celma.org.cn/dfzfxjh/53379.jhtml,522.5,0.0,178.4,344.1,0.0,8.0,2021-09-23,True,True,522.5,-51.0,False,0.0,1.0
云南省,2021-09,2021-09-22,62.11,382.0,0.0,444.11,https://www.celma.org.cn/dfzfxjh/52687.jhtml,444.11,62.11,382.0,0.0,0.0,10.0,2021-09-09,True,True,444.11,-8.0,False,0.0,1.0
内蒙古自治区,2021-09,,,,,,,70.39,0.0,0.0,70.39,0.0,4.0,2021-09-14,False,True,70.39,,,,
吉林省,2021-09,2021-08-19,0.0,228.17,25.0,253.17,https://www.celma.org.cn/dfzfxjh/52774.jhtml,253.17,0.0,228.17,25.0,0.0,10.0,2021-09-15,True,True,253.17,19.0,True,0.0,1.0
大连市,2021-09,2021-10-14,3.0,18.22,46.86,68.08,https://www.celma.org.cn/dfzfxjh/52847.jhtml,68.08,3.0,18.22,46.86,0.0,8.0,2021-09-23,True,True,68.08,-12.0,False,0.0,1.0
宁夏回族自治区,2021-09,2021-08-20,0.0,0.0,21.08,21.08,https://www.celma.org.cn/dfzfxjh/52650.jhtml,21.08,0.0,0.0,21.08,0.0,1.0,2021-09-10,True,True,21.08,15.0,True,0.0,1.0
宁波市,2021-09,2021-09-17,0.0,90.0,109.5,199.5,https://www.celma.org.cn/dfzfxjh/52656.jhtml,199.5,0.0,90.0,109.5,0.0,11.0,2021-09-23,True,True,199.5,3.0,False,0.0,1.0
安徽省,2021-09,2021-09-22,0.0,505.45,165.26,670.71,https://www.celma.org.cn/dfzfxjh/52684.jhtml,670.71,0.0,505.45,165.26,0.0,16.0,2021-09-09,True,True,670.71,-8.0,False,0.0,1.0
山东省,2021-09,2021-08-19,,,,,https://www.celma.org.cn/dfzfxjh/52382.jhtml,483.33,0.0,359.11,124.22,0.0,9.0,2021-09-13,True,True,483.33,17.0,True,,
山西省,2021-09,2021-10-12,0.0,115.13,0.0,115.13,https://www.celma.org.cn/dfzfxjh/52821.jhtml,115.13,0.0,115.13,0.0,0.0,6.0,2021-09-27,True,True,115.13,-7.0,False,0.0,1.0
广西壮族自治区,2021-09,2021-08-13,10.0,0.0,0.0,10.0,https://www.celma.org.cn/dfzfxjh/52265.jhtml,10.0,10.0,0.0,0.0,0.0,1.0,2021-09-13,True,True,10.0,21.0,True,0.0,1.0
江苏省,2021-09,2021-08-24,0.0,0.0,0.0,0.0,https://www.celma.org.cn/dfzfxjh/52432.jhtml,,,,,,,,True,False,,,False,,
江西省,2021-09,,,,,,,76.96,0.0,76.96,0.0,0.0,7.0,2021-09-16,False,True,76.96,,,,
河北省,2021-09,2021-12-06,55.0,307.45,0.0,362.45,https://www.celma.org.cn/dfzfxjh/53300.jhtml,362.45,55.0,307.45,0.0,0.0,10.0,2021-09-07,True,True,362.45,-60.0,False,0.0,1.0
河南省,2021-09,,,,,,,581.93,23.0,487.34,71.59,0.0,14.0,2021-09-17,False,True,581.93,,,,
浙江省,2021-09,2021-08-20,70.6,411.5,0.0,482.1,https://www.celma.org.cn/dfzfxjh/56017.jhtml,482.1,70.6,411.5,0.0,0.0,14.0,2021-09-17,True,True,482.1,20.0,True,0.0,1.0
海南省,2021-09,,,,,,,140.54,14.7,116.91,8.93,0.0,9.0,2021-09-23,False,True,140.54,,,,
湖北省,2021-09,2021-09-24,159.58,247.29,75.82,482.69,https://www.celma.org.cn/dfzfxjh/52707.jhtml,482.7,159.58,247.29,75.83,0.0,36.0,2021-09-02,True,True,482.7,-15.0,False,0.01,1.0
湖南省,2021-09,,,,,,,328.38,0.0,112.02,216.36,0.0,23.0,2021-09-09,False,True,328.38,,,,
甘肃省,2021-09,2021-09-18,0.0,423.0,0.0,423.0,https://www.celma.org.cn/dfzfxjh/52670.jhtml,423.0,0.0,423.0,0.0,0.0,6.0,2021-09-02,True,True,423.0,-12.0,False,0.0,1.0
福建省,2021-09,,,,,,,595.17,35.88,459.27,100.02,0.0,19.0,2021-09-16,False,True,595.17,,,,
西藏自治区,2021-09,2021-09-30,1.0,0.0,3.0,4.0,https://www.celma.org.cn/dfzfxjh/52786.jhtml,4.0,1.0,0.0,3.0,0.0,2.0,2021-09-22,True,True,4.0,-7.0,False,0.0,1.0
贵州省,2021-09,2021-08-10,0.0,341.83,31.16,372.99,https://www.celma.org.cn/dfzfxjh/52933.jhtml,397.17,0.0,341.81,55.36,0.0,27.0,2021-09-13,True,True,397.17,24.0,True,24.18,1.06
辽宁省,2021-09,2021-09-30,0.0,96.0,182.46,278.46,https://www.celma.org.cn/dfzfxjh/52781.jhtml,278.46,0.0,96.0,182.46,0.0,3.0,2021-09-07,True,True,278.46,-17.0,False,0.0,1.0
陕西省,2021-09,,,,,,,188.67,21.91,124.52,42.24,0.0,9.0,2021-09-15,False,True,188.67,,,,
青海省,2021-09,2021-09-03,6.0,56.74,0.0,62.74,https://www.celma.org.cn/dfzfxjh/52545.jhtml,62.73,6.0,56.73,0.0,0.0,7.0,2021-09-13,True,True,62.73,6.0,False,-0.01,1.0
黑龙江省,2021-09,2021-08-19,22.79,93.44,0.0,116.23,https://www.celma.org.cn/dfzfxjh/52373.jhtml,116.16,22.79,93.37,0.0,0.0,8.0,2021-09-14,True,True,116.16,18.0,True,-0.07,1.0
云南省,2021-10,,,,,,,428.0,0.0,428.0,0.0,0.0,8.0,2021-10-26,False,True,428.0,,,,
内蒙古自治区,2021-10,,,,,,,110.02,0.0,0.0,110.02,0.0,2.0,2021-10-14,False,True,110.02,,,,
北京市,2021-10,,,,,,,296.82,38.54,252.74,5.54,0.0,11.0,2021-10-28,False,True,296.82,,,,
厦门市,2021-10,2021-11-12,0.0,0.0,127.26,127.26,https://www.celma.org.cn/dfzfxjh/53112.jhtml,127.25,0.0,0.0,127.25,0.0,2.0,2021-10-28,True,True,127.25,-11.0,False,-0.01,1.0
吉林省,2021-10,2021-09-19,0.0,31.14,0.0,31.14,https://www.celma.org.cn/dfzfxjh/53032.jhtml,31.14,0.0,31.14,0.0,0.0,6.0,2021-10-28,True,True,31.14,24.0,True,0.0,1.0
四川省,2021-10,,,,,,,1047.01,123.35,815.33,108.33,0.0,14.0,2021-10-15,False,True,1047.01,,,,
天津市,2021-10,,,,,,,389.31,0.0,345.33,43.98,0.0,13.0,2021-10-13,False,True,389.31,,,,
宁夏回族自治区,2021-10,2021-09-17,0.0,0.0,0.0,0.0,https://www.celma.org.cn/dfzfxjh/52651.jhtml,,,,,,,,True,False,,,True,,
山东省,2021-10,2021-09-18,,,,,https://www.celma.org.cn/dfzfxjh/52662.jhtml,404.48,31.0,373.48,0.0,0.0,12.0,2021-10-18,True,True,404.48,16.0,True,,
山西省,2021-10,2021-12-01,56.42,12.21,52.41,121.04,https://www.celma.org.cn/dfzfxjh/53252.jhtml,121.04,56.42,12.21,52.41,0.0,6.0,2021-10-26,True,True,121.04,-26.0,False,-0.0,1.0
广东省,2021-10,,,,,,,1672.15,22.0,830.11,820.04,0.0,16.0,2021-10-12,False,True,1672.15,,,,
广西壮族自治区,2021-10,2021-09-15,0.0,0.0,0.0,0.0,https://www.celma.org.cn/dfzfxjh/52639.jhtml,,,,,,,,True,False,,,True,,
新疆维吾尔自治区,2021-10,,,,,,,48.4,0.0,0.0,48.4,0.0,2.0,2021-10-21,False,True,48.4,,,,
江苏省,2021-10,2021-10-09,71.0,270.64,0.0,341.64,https://www.celma.org.cn/dfzfxjh/52809.jhtml,341.64,71.0,270.64,0.0,0.0,5.0,2021-10-19,True,True,341.64,7.0,False,0.0,1.0
江西省,2021-10,,,,,,,589.12,92.37,496.75,0.0,0.0,8.0,2021-10-19,False,True,589.12,,,,
河北省,2021-10,2021-12-06,0.0,420.68,0.0,420.68,https://www.celma.org.cn/dfzfxjh/53301.jhtml,420.68,0.0,420.68,0.0,0.0,11.0,2021-10-26,True,True,420.68,-29.0,False,0.0,1.0
河南省,2021-10,,,,,,,63.67,0.0,33.22,30.45,0.0,7.0,2021-10-22,False,True,63.67,,,,
浙江省,2021-10,2021-09-20,0.0,78.74,517.5,596.24,https://www.celma.org.cn/dfzfxjh/56012.jhtml,596.24,0.0,78.74,517.5,0.0,9.0,2021-10-29,True,True,596.24,25.0,True,0.0,1.0
海南省,2021-10,,,,,,,129.17,14.3,43.44,71.43,0.0,8.0,2021-10-27,False,True,129.17,,,,
深圳市,2021-10,,,,,,,120.62,11.0,109.62,0.0,0.0,13.0,2021-10-11,False,True,120.62,,,,
湖北省,2021-10,2021-10-27,7.0,125.8,224.16,356.96,https://www.celma.org.cn/dfzfxjh/53001.jhtml,356.96,7.0,125.8,224.16,0.0,30.0,2021-10-12,True,True,356.96,-11.0,False,0.0,1.0
湖南省,2021-10,,,,,,,376.49,84.71,291.78,0.0,0.0,27.0,2021-10-25,False,True,376.49,,,,
甘肃省,2021-10,2021-10-21,0.0,90.0,0.0,90.0,https://www.celma.org.cn/dfzfxjh/52954.jhtml,90.0,0.0,90.0,0.0,0.0,5.0,2021-10-28,True,True,90.0,5.0,False,0.0,1.0
贵州省,2021-10,,,,,,,186.73,2.88,24.02,159.83,0.0,8.0,2021-10-25,False,True,186.73,,,,
辽宁省,2021-10,2021-10-26,0.0,0.0,265.96,265.96,https://www.celma.org.cn/dfzfxjh/52982.jhtml,265.96,0.0,0.0,265.96,0.0,2.0,2021-10-11,True,True,265.96,-11.0,False,0.0,1.0
重庆市,2021-10,,,,,,,295.84,59.0,236.84,0.0,0.0,3.0,2021-10-22,False,True,295.84,,,,
陕西省,2021-10,,,,,,,174.92,74.1,100.82,0.0,0.0,8.0,2021-10-25,False,True,174.92,,,,
青岛市,2021-10,,,,,,,30.92,0.0,0.0,30.92,0.0,2.0,2021-10-12,False,True,30.92,,,,
青海省,2021-10,2021-10-13,46.08,0.0,0.0,46.08,https://www.celma.org.cn/dfzfxjh/52841.jhtml,46.06,46.06,0.0,0.0,0.0,1.0,2021-10-25,True,True,46.06,8.0,False,-0.02,1.0
黑龙江省,2021-10,2021-09-18,10.38,10.1,0.0,20.48,https://www.celma.org.cn/dfzfxjh/52663.jhtml,,,,,,,,True,False,,,True,,
云南省,2021-11,,,,,,,127.93,0.0,0.0,127.93,0.0,2.0,2021-11-16,False,True,127.93,,,,
北京市,2021-11,,,,,,,28.69,0.0,0.0,28.69,0.0,2.0,2021-11-23,False,True,28.69,,,,
厦门市,2021-11,2021-12-14,0.0,44.0,0.0,44.0,https://www.celma.org.cn/dfzfxjh/53435.jhtml,44.0,0.0,44.0,0.0,0.0,5.0,2021-11-29,True,True,44.0,-11.0,False,0.0,1.0
吉林省,2021-11,2021-10-19,0.0,108.38,0.0,108.38,https://www.celma.org.cn/dfzfxjh/53250.jhtml,108.38,0.0,108.38,0.0,0.0,7.0,2021-11-24,True,True,108.38,26.0,True,0.0,1.0
四川省,2021-11,,,,,,,277.7,0.0,277.7,0.0,0.0,22.0,2021-11-09,False,True,277.7,,,,
大连市,2021-11,2021-11-12,0.0,0.0,79.62,79.62,https://www.celma.org.cn/dfzfxjh/53104.jhtml,79.61,0.0,0.0,79.61,0.0,2.0,2021-11-04,True,True,79.61,-6.0,False,-0.01,1.0
天津市,2021-11,,,,,,,140.01,0.0,80.0,60.01,0.0,5.0,2021-11-24,False,True,140.01,,,,
宁夏回族自治区,2021-11,2021-10-20,8.4,0.0,24.42,32.82,https://www.celma.org.cn/dfzfxjh/53236.jhtml,32.82,8.4,0.0,24.42,0.0,4.0,2021-11-18,True,True,32.82,21.0,True,0.0,1.0
宁波市,2021-11,2021-11-29,0.0,80.0,0.0,80.0,https://www.celma.org.cn/dfzfxjh/53223.jhtml,80.0,0.0,80.0,0.0,0.0,5.0,2021-11-24,True,True,80.0,-3.0,False,0.0,1.0
安徽省,2021-11,2021-11-17,0.0,270.52,0.0,270.52,https://www.celma.org.cn/dfzfxjh/53148.jhtml,270.52,0.0,270.52,0.0,0.0,9.0,2021-11-24,True,True,270.52,5.0,False,0.0,1.0
山东省,2021-11,2021-10-19,,,,,https://www.celma.org.cn/dfzfxjh/52931.jhtml,244.05,0.0,244.05,0.0,0.0,7.0,2021-11-30,True,True,244.05,30.0,True,,
山西省,2021-11,2021-12-01,23.64,214.26,0.0,237.9,https://www.celma.org.cn/dfzfxjh/53253.jhtml,237.9,23.64,214.26,0.0,0.0,13.0,2021-11-19,True,True,237.9,-8.0,False,-0.0,1.0
广东省,2021-11,,,,,,,643.61,58.44,302.13,283.04,0.0,10.0,2021-11-18,False,True,643.61,,,,
广西壮族自治区,2021-11,2021-10-12,0.0,100.0,38.87,138.87,https://www.celma.org.cn/dfzfxjh/52828.jhtml,138.87,0.0,100.0,38.87,0.0,6.0,2021-11-10,True,True,138.87,21.0,True,0.0,1.0
新疆生产建设兵团,2021-11,2021-11-25,0.0,0.0,6.45,6.45,https://www.celma.org.cn/dfzfxjh/53208.jhtml,6.44,0.0,0.0,6.44,0.0,2.0,2021-11-10,True,True,6.44,-11.0,False,-0.01,1.0
新疆维吾尔自治区,2021-11,,,,,,,25.6,0.0,0.0,25.6,0.0,2.0,2021-11-25,False,True,25.6,,,,
江苏省,2021-11,2021-11-24,0.0,349.18,0.0,349.18,https://www.celma.org.cn/dfzfxjh/53187.jhtml,349.18,0.0,349.18,0.0,0.0,3.0,2021-11-30,True,True,349.18,4.0,False,0.0,1.0
江西省,2021-11,,,,,,,413.57,0.0,413.57,0.0,0.0,8.0,2021-11-25,False,True,413.57,,,,
河北省,2021-11,2021-12-06,15.0,474.74,0.0,489.74,https://www.celma.org.cn/dfzfxjh/53302.jhtml,489.74,15.0,474.74,0.0,0.0,8.0,2021-11-19,True,True,489.74,-11.0,False,0.0,1.0
河南省,2021-11,,,,,,,343.14,39.0,304.14,0.0,0.0,10.0,2021-11-23,False,True,343.14,,,,
浙江省,2021-11,2021-10-20,30.0,789.66,0.0,819.66,https://www.celma.org.cn/dfzfxjh/56014.jhtml,819.66,30.0,789.66,0.0,0.0,13.0,2021-11-30,True,True,819.66,29.0,True,0.0,1.0
海南省,2021-11,2021-12-07,0.0,109.81,0.0,109.81,https://www.celma.org.cn/dfzfxjh/53323.jhtml,109.81,0.0,109.81,0.0,0.0,5.0,2021-11-25,True,True,109.81,-8.0,False,0.0,1.0
深圳市,2021-11,,,,,,,50.77,0.0,50.77,0.0,0.0,17.0,2021-11-22,False,True,50.77,,,,
湖北省,2021-11,,,,,,,162.68,0.0,162.68,0.0,0.0,15.0,2021-11-30,False,True,162.68,,,,
湖南省,2021-11,,,,,,,727.45,0.0,577.45,150.0,0.0,55.0,2021-11-02,False,True,727.45,,,,
福建省,2021-11,,,,,,,187.71,3.0,184.71,0.0,0.0,16.0,2021-11-16,False,True,187.71,,,,
西藏自治区,2021-11,2021-12-13,0.0,0.0,14.63,14.63,https://www.celma.org.cn/dfzfxjh/53432.jhtml,14.63,0.0,0.0,14.63,0.0,1.0,2021-11-08,True,True,14.63,-25.0,False,0.0,1.0
贵州省,2021-11,,,,,,,52.86,0.0,52.86,0.0,0.0,6.0,2021-11-29,False,True,52.86,,,,
重庆市,2021-11,,,,,,,297.42,0.0,297.42,0.0,0.0,2.0,2021-11-19,False,True,297.42,,,,
陕西省,2021-11,,,,,,,203.47,0.2,187.37,15.9,0.0,12.0,2021-11-17,False,True,203.47,,,,
青岛市,2021-11,,,,,,,75.1,0.0,75.1,0.0,0.0,7.0,2021-11-17,False,True,75.1,,,,
黑龙江省,2021-11,2021-10-20,10.38,10.1,0.0,20.48,https://www.celma.org.cn/dfzfxjh/52942.jhtml,20.48,10.38,10.1,0.0,0.0,2.0,2021-11-04,True,True,20.48,11.0,True,0.0,1.0
内蒙古自治区,2021-12,2021-12-06,4.8,55.5,57.42,117.72,https://www.celma.org.cn/dfzfxjh/53314.jhtml,171.63,4.8,109.41,57.42,0.0,12.0,2021-12-01,True,True,171.63,-3.0,False,53.91,1.46
北京市,2021-12,,,,,,,1721.11,0.0,0.0,1721.11,0.0,5.0,2021-12-15,False,True,1721.11,,,,
吉林省,2021-12,2021-11-19,0.0,54.13,0.0,54.13,https://www.celma.org.cn/dfzfxjh/53518.jhtml,54.13,0.0,54.13,0.0,0.0,6.0,2021-12-21,True,True,54.13,22.0,True,0.0,1.0
天津市,2021-12,,,,,,,13.0,2.0,11.0,0.0,0.0,3.0,2021-12-28,False,True,13.0,,,,
宁夏回族自治区,2021-12,2021-11-22,47.74,0.0,0.0,47.74,https://www.celma.org.cn/dfzfxjh/53569.jhtml,47.74,47.74,0.0,0.0,0.0,1.0,2021-12-28,True,True,47.74,26.0,False,0.0,1.0
山东省,2021-12,2021-12-20,,,,,https://www.celma.org.cn/dfzfxjh/53487.jhtml,48.0,4.0,44.0,0.0,0.0,5.0,2021-12-28,True,True,48.0,6.0,False,,
广东省,2021-12,,,,,,,113.12,0.0,0.0,113.12,0.0,2.0,2021-12-15,False,True,113.12,,,,
广西壮族自治区,2021-12,2021-11-12,0.0,0.0,0.0,0.0,https://www.celma.org.cn/dfzfxjh/53111.jhtml,,,,,,,,True,False,,,True,,
河北省,2021-12,2021-12-06,0.0,0.0,0.0,0.0,https://www.celma.org.cn/dfzfxjh/53303.jhtml,,,,,,,,True,False,,,False,,
浙江省,2021-12,2021-11-19,0.0,0.0,0.0,0.0,https://www.celma.org.cn/dfzfxjh/56018.jhtml,,,,,,,,True,False,,,True,,
深圳市,2021-12,,,,,,,58.2,1.0,9.0,48.2,0.0,3.0,2021-12-24,False,True,58.2,,,,
湖北省,2021-12,,,,,,,573.81,17.23,556.58,0.0,0.0,29.0,2021-12-02,False,True,573.81,,,,
甘肃省,2021-12,2021-12-03,0.0,0.0,71.98,71.98,https://www.celma.org.cn/dfzfxjh/53278.jhtml,88.97,5.0,12.0,71.97,0.0,5.0,2021-12-07,True,True,88.97,2.0,False,16.99,1.24
西藏自治区,2021-12,2021-12-22,27.0,28.09,0.0,55.09,https://www.celma.org.cn/dfzfxjh/53507.jhtml,55.09,27.0,28.09,0.0,0.0,8.0,2021-12-15,True,True,55.09,-5.0,False,0.0,1.0
重庆市,2021-12,,,,,,,165.36,0.0,165.36,0.0,0.0,1.0,2021-12-03,False,True,165.36,,,,
青岛市,2021-12,,,,,,,10.0,2.0,8.0,0.0,0.0,4.0,2021-12-27,False,True,10.0,,,,
青海省,2021-12,2021-11-29,14.04,13.81,30.93,58.78,https://www.celma.org.cn/dfzfxjh/53224.jhtml,58.78,14.04,13.81,30.93,0.0,8.0,2021-12-06,True,True,58.78,5.0,False,0.0,1.0
黑龙江省,2021-12,2021-11-12,0.0,0.0,0.0,0.0,https://www.celma.org.cn/dfzfxjh/53121.jhtml,,,,,,,,True,False,,,True,,
云南省,2022-01,,,,,,,649.12,94.0,555.12,0.0,0.0,9.0,2022-01-19,False,True,649.12,,,,
内蒙古自治区,2022-01,,,,,,,60.0,0.0,60.0,0.0,0.0,7.0,2022-01-25,False,True,60.0,,,,
北京市,2022-01,2023-06-21,0.0,0.0,849.16,849.16,https://www.celma.org.cn/dfzfxjh/57661.jhtml,849.16,0.0,0.0,849.16,0.0,7.0,2022-01-19,True,True,849.16,-354.0,False,0.0,1.0
厦门市,2022-01,2022-01-28,12.0,0.0,0.0,12.0,https://www.celma.org.cn/dfzfxjh/53834.jhtml,12.0,12.0,0.0,0.0,0.0,1.0,2022-01-28,True,True,12.0,0.0,False,0.0,1.0
吉林省,2022-01,2021-12-19,93.43,53.18,0.0,146.61,https://www.celma.org.cn/dfzfxjh/53880.jhtml,146.61,93.43,53.18,0.0,0.0,8.0,2022-01-28,True,True,146.61,29.0,True,0.0,1.0
四川省,2022-01,2021-12-20,0.0,376.63,0.0,376.63,https://www.celma.org.cn/dfzfxjh/59041.jhtml,376.63,0.0,376.63,0.0,0.0,16.0,2022-01-27,True,True,376.63,27.0,True,0.0,1.0
大连市,2022-01,2022-01-13,10.0,6.0,0.0,16.0,https://www.celma.org.cn/dfzfxjh/53648.jhtml,16.0,10.0,6.0,0.0,0.0,3.0,2022-01-25,True,True,16.0,8.0,False,0.0,1.0
天津市,2022-01,2023-12-14,0.0,0.0,0.0,0.0,https://www.celma.org.cn/dfzfxjh/59578.jhtml,,,,,,,,True,False,,,False,,
宁夏回族自治区,2022-01,2021-12-20,0.0,0.0,0.0,0.0,https://www.celma.org.cn/dfzfxjh/53570.jhtml,,,,,,,,True,False,,,True,,
安徽省,2022-01,2022-01-14,0.0,246.16,0.0,246.16,https://www.celma.org.cn/dfzfxjh/53655.jhtml,246.16,0.0,246.16,0.0,0.0,6.0,2022-01-21,True,True,246.16,5.0,False,0.0,1.0
山东省,2022-01,2021-12-20,,,,,https://www.celma.org.cn/dfzfxjh/53489.jhtml,897.02,23.67,789.38,83.97,0.0,11.0,2022-01-25,True,True,897.02,25.0,True,,
山西省,2022-01,2022-02-11,28.51,35.71,0.0,64.22,https://www.celma.org.cn/dfzfxjh/53910.jhtml,64.22,28.51,35.71,0.0,0.0,6.0,2022-01-28,True,True,64.22,-7.0,False,0.0,1.0
广东省,2022-01,2023-06-05,95.71,1.0,0.0,96.71,https://www.celma.org.cn/dfzfxjh/57510.jhtml,1165.59,95.71,1069.88,0.0,0.0,14.0,2022-01-24,True,True,1165.59,-339.0,False,1068.88,12.05
广西壮族自治区,2022-01,2021-12-17,0.0,50.0,0.0,50.0,https://www.celma.org.cn/dfzfxjh/53672.jhtml,50.0,0.0,50.0,0.0,0.0,1.0,2022-01-24,True,True,50.0,25.0,True,0.0,1.0
江苏省,2022-01,2021-12-27,126.0,0.0,0.0,126.0,https://www.celma.org.cn/dfzfxjh/53521.jhtml,126.0,126.0,0.0,0.0,0.0,1.0,2022-01-24,True,True,126.0,19.0,False,0.0,1.0
江西省,2022-01,,,,,,,492.93,137.0,302.35,53.58,0.0,11.0,2022-01-27,False,True,492.93,,,,
河北省,2022-01,2022-03-30,0.0,70.83,0.0,70.83,https://www.celma.org.cn/dfzfxjh/54327.jhtml,70.83,0.0,70.83,0.0,0.0,4.0,2022-01-28,True,True,70.83,-40.0,False,0.0,1.0
河南省,2022-01,2022-01-13,0.0,382.01,164.85,546.86,https://www.celma.org.cn/dfzfxjh/58733.jhtml,546.86,0.0,382.01,164.85,0.0,10.0,2022-01-13,True,True,546.86,0.0,False,0.0,1.0
浙江省,2022-01,2021-12-20,0.0,304.28,0.0,304.28,https://www.celma.org.cn/dfzfxjh/55959.jhtml,304.28,0.0,304.28,0.0,0.0,5.0,2022-01-24,True,True,304.28,24.0,True,0.0,1.0
海南省,2022-01,2022-02-07,0.0,0.0,0.0,0.0,https://www.celma.org.cn/dfzfxjh/53852.jhtml,,,,,,,,True,False,,,False,,
湖北省,2022-01,2023-03-10,184.0,0.0,0.0,184.0,https://www.celma.org.cn/dfzfxjh/56731.jhtml,184.0,184.0,0.0,0.0,0.0,3.0,2022-01-14,True,True,184.0,-286.0,False,0.0,1.0
湖南省,2022-01,2022-08-08,149.0,126.14,0.0,275.14,https://www.celma.org.cn/dfzfxjh/55465.jhtml,275.14,149.0,126.14,0.0,0.0,12.0,2022-01-24,True,True,275.14,-134.0,False,0.0,1.0
辽宁省,2022-01,2022-02-10,0.0,17.0,0.0,17.0,https://www.celma.org.cn/dfzfxjh/53901.jhtml,17.0,0.0,17.0,0.0,0.0,2.0,2022-01-26,True,True,17.0,-8.0,False,0.0,1.0
重庆市,2022-01,,,,,,,548.04,0.0,548.04,0.0,0.0,10.0,2022-01-28,False,True,548.04,,,,
陕西省,2022-01,,,,,,,50.94,8.95,41.99,0.0,0.0,5.0,2022-01-20,False,True,50.94,,,,
青岛市,2022-01,2023-05-12,31.0,67.9,0.0,98.9,https://www.celma.org.cn/dfzfxjh/57229.jhtml,98.9,31.0,67.9,0.0,0.0,8.0,2022-01-25,True,True,98.9,-322.0,False,-0.0,1.0
黑龙江省,2022-01,2021-12-17,173.0,37.0,0.0,210.0,https://www.celma.org.cn/dfzfxjh/53508.jhtml,15.18,0.0,15.18,0.0,0.0,4.0,2022-01-27,True,True,15.18,28.0,True,-194.82,0.07
北京市,2022-02,2023-06-21,28.36,176.6,14.0,218.96,https://www.celma.org.cn/dfzfxjh/57662.jhtml,218.96,28.36,176.6,14.0,0.0,10.0,2022-02-21,True,True,218.96,-334.0,False,-0.0,1.0
四川省,2022-02,2022-01-20,0.0,537.37,0.0,537.37,https://www.celma.org.cn/dfzfxjh/59030.jhtml,537.39,0.0,537.39,0.0,0.0,25.0,2022-02-18,True,True,537.39,18.0,True,0.02,1.0
天津市,2022-02,2023-12-14,27.0,87.15,0.0,114.15,https://www.celma.org.cn/dfzfxjh/59579.jhtml,114.15,27.0,87.15,0.0,0.0,11.0,2022-02-10,True,True,114.15,-462.0,False,-0.0,1.0
宁夏回族自治区,2022-02,2022-01-20,20.0,0.0,0.0,20.0,https://www.celma.org.cn/dfzfxjh/53975.jhtml,20.0,20.0,0.0,0.0,0.0,1.0,2022-02-21,True,True,20.0,19.0,True,0.0,1.0
宁波市,2022-02,,,,,,,91.5,6.0,85.5,0.0,0.0,7.0,2022-02-28,False,True,91.5,,,,
安徽省,2022-02,2022-02-16,70.0,65.02,0.0,135.02,https://www.celma.org.cn/dfzfxjh/53986.jhtml,135.02,70.0,65.02,0.0,0.0,7.0,2022-02-22,True,True,135.02,4.0,False,0.0,1.0
山东省,2022-02,2022-01-20,,,,,https://www.celma.org.cn/dfzfxjh/53689.jhtml,449.95,36.33,413.62,0.0,0.0,7.0,2022-02-24,True,True,449.95,22.0,True,,
广东省,2022-02,2023-06-05,0.0,0.0,0.0,0.0,https://www.celma.org.cn/dfzfxjh/57511.jhtml,,,,,,,,True,False,,,False,,
广西壮族自治区,2022-02,2022-01-18,54.03,290.42,0.0,344.45,https://www.celma.org.cn/dfzfxjh/54210.jhtml,344.45,54.03,290.42,0.0,0.0,6.0,2022-02-22,True,True,344.45,22.0,True,-0.0,1.0
新疆维吾尔自治区,2022-02,,,,,,,130.1,130.1,0.0,0.0,0.0,1.0,2022-02-25,False,True,130.1,,,,
江苏省,2022-02,2022-02-11,0.0,304.25,0.0,304.25,https://www.celma.org.cn/dfzfxjh/53921.jhtml,304.25,0.0,304.25,0.0,0.0,3.0,2022-02-28,True,True,304.25,11.0,False,0.0,1.0
江西省,2022-02,,,,,,,67.7,0.0,67.7,0.0,0.0,5.0,2022-02-24,False,True,67.7,,,,
河北省,2022-02,2022-03-30,193.0,190.44,117.83,501.27,https://www.celma.org.cn/dfzfxjh/54328.jhtml,501.27,193.0,190.44,117.83,0.0,10.0,2022-02-22,True,True,501.27,-26.0,False,0.0,1.0
浙江省,2022-02,2022-01-20,158.0,300.03,0.0,458.03,https://www.celma.org.cn/dfzfxjh/55960.jhtml,458.03,158.0,300.03,0.0,0.0,9.0,2022-02-28,True,True,458.03,24.0,True,0.0,1.0
海南省,2022-02,2022-03-08,53.0,58.9,0.0,111.9,https://www.celma.org.cn/dfzfxjh/54129.jhtml,111.9,53.0,58.9,0.0,0.0,5.0,2022-02-23,True,True,111.9,-9.0,False,0.0,1.0
湖北省,2022-02,2023-03-10,0.0,56.21,0.0,56.21,https://www.celma.org.cn/dfzfxjh/56732.jhtml,56.21,0.0,56.21,0.0,0.0,11.0,2022-02-23,True,True,56.21,-261.0,False,0.0,1.0
湖南省,2022-02,2022-08-08,0.0,0.0,0.0,0.0,https://www.celma.org.cn/dfzfxjh/55461.jhtml,,,,,,,,True,False,,,False,,
甘肃省,2022-02,2023-04-21,78.0,0.0,0.0,78.0,https://www.celma.org.cn/dfzfxjh/57082.jhtml,393.0,78.0,315.0,0.0,0.0,7.0,2022-02-22,True,True,393.0,-291.0,False,315.0,5.04
福建省,2022-02,2022-06-23,67.0,555.0,0.0,622.0,https://www.celma.org.cn/dfzfxjh/55100.jhtml,621.98,67.0,554.98,0.0,0.0,37.0,2022-02-08,True,True,621.98,-94.0,False,-0.02,1.0
贵州省,2022-02,2022-01-18,72.0,215.31,0.0,287.31,https://www.celma.org.cn/dfzfxjh/55066.jhtml,287.3,72.0,215.3,0.0,0.0,16.0,2022-02-10,True,True,287.3,14.0,True,-0.01,1.0
陕西省,2022-02,,,,,,,88.68,14.88,73.8,0.0,0.0,6.0,2022-02-25,False,True,88.68,,,,
青岛市,2022-02,2023-05-12,0.0,139.1,0.0,139.1,https://www.celma.org.cn/dfzfxjh/57230.jhtml,139.1,0.0,139.1,0.0,0.0,8.0,2022-02-25,True,True,139.1,-302.0,False,0.0,1.0
黑龙江省,2022-02,2022-01-19,173.0,21.82,0.0,194.82,https://www.celma.org.cn/dfzfxjh/53685.jhtml,,,,,,,,True,False,,,True,,
上海市,2022-03,2022-02-18,105.0,195.0,0.0,300.0,https://www.celma.org.cn/dfzfxjh/57746.jhtml,300.0,105.0,195.0,0.0,0.0,5.0,2022-03-14,True,True,300.0,16.0,True,0.0,1.0
云南省,2022-03,,,,,,,94.77,6.0,21.0,67.77,0.0,5.0,2022-03-29,False,True,94.77,,,,
内蒙古自治区,2022-03,2022-04-25,0.0,0.0,0.0,0.0,https://www.celma.org.cn/dfzfxjh/54480.jhtml,,,,,,,,True,False,,,False,,
北京市,2022-03,2023-06-21,0.0,0.0,0.0,0.0,https://www.celma.org.cn/dfzfxjh/57663.jhtml,,,,,,,,True,False,,,False,,
厦门市,2022-03,2022-03-15,0.0,138.0,0.0,138.0,https://www.celma.org.cn/dfzfxjh/54217.jhtml,138.0,0.0,138.0,0.0,0.0,10.0,2022-03-14,True,True,138.0,-1.0,False,0.0,1.0
吉林省,2022-03,2022-02-19,7.58,27.39,130.3,165.27,https://www.celma.org.cn/dfzfxjh/54525.jhtml,165.27,7.58,27.39,130.3,0.0,7.0,2022-03-21,True,True,165.27,21.0,True,0.0,1.0
四川省,2022-03,2022-02-18,179.0,0.0,107.09,286.09,https://www.celma.org.cn/dfzfxjh/59031.jhtml,286.09,179.0,0.0,107.09,0.0,6.0,2022-03-09,True,True,286.09,13.0,True,0.0,1.0
天津市,2022-03,2023-12-14,0.0,0.0,31.55,31.55,https://www.celma.org.cn/dfzfxjh/59580.jhtml,31.55,0.0,0.0,31.55,0.0,5.0,2022-03-08,True,True,31.55,-444.0,False,-0.0,1.0
宁夏回族自治区,2022-03,2022-02-15,24.0,0.0,0.0,24.0,https://www.celma.org.cn/dfzfxjh/53977.jhtml,,,,,,,,True,False,,,True,,
宁波市,2022-03,,,,,,,55.5,0.0,55.5,0.0,0.0,7.0,2022-03-31,False,True,55.5,,,,
安徽省,2022-03,2022-03-07,0.0,185.89,122.31,308.2,https://www.celma.org.cn/dfzfxjh/54117.jhtml,308.2,0.0,185.89,122.31,0.0,8.0,2022-03-14,True,True,308.2,5.0,False,0.0,1.0
山东省,2022-03,2022-02-20,,,,,https://www.celma.org.cn/dfzfxjh/54048.jhtml,158.22,0.0,0.0,158.22,0.0,2.0,2022-03-17,True,True,158.22,19.0,True,,
山西省,2022-03,2022-03-22,80.36,150.36,46.05,276.77,https://www.celma.org.cn/dfzfxjh/54258.jhtml,276.77,80.36,150.36,46.05,0.0,12.0,2022-03-17,True,True,276.77,-3.0,False,0.0,1.0
广东省,2022-03,2023-06-05,59.29,502.12,0.0,561.41,https://www.celma.org.cn/dfzfxjh/57512.jhtml,561.42,59.29,502.13,0.0,0.0,6.0,2022-03-15,True,True,561.42,-306.0,False,0.01,1.0
广西壮族自治区,2022-03,2022-02-17,83.98,39.58,148.76,272.32,https://www.celma.org.cn/dfzfxjh/54211.jhtml,272.31,83.98,39.58,148.75,0.0,6.0,2022-03-16,True,True,272.31,19.0,True,-0.01,1.0
新疆生产建设兵团,2022-03,2022-03-21,35.0,4.0,0.0,39.0,https://www.celma.org.cn/dfzfxjh/54254.jhtml,39.0,35.0,4.0,0.0,0.0,4.0,2022-03-10,True,True,39.0,-7.0,False,0.0,1.0
新疆维吾尔自治区,2022-03,,,,,,,78.3,0.0,78.3,0.0,0.0,3.0,2022-03-25,False,True,78.3,,,,
江苏省,2022-03,2022-03-17,0.0,189.97,308.66,498.63,https://www.celma.org.cn/dfzfxjh/54225.jhtml,498.63,0.0,189.97,308.66,0.0,5.0,2022-03-25,True,True,498.63,6.0,False,0.0,1.0
江西省,2022-03,,,,,,,261.56,0.0,162.63,98.93,0.0,9.0,2022-03-28,False,True,261.56,,,,
河北省,2022-03,2022-03-30,30.0,367.37,0.0,397.37,https://www.celma.org.cn/dfzfxjh/54329.jhtml,397.37,30.0,367.37,0.0,0.0,15.0,2022-03-11,True,True,397.37,-13.0,False,0.0,1.0
河南省,2022-03,2022-03-08,22.91,290.08,0.0,312.99,https://www.celma.org.cn/dfzfxjh/58734.jhtml,312.99,22.91,290.08,0.0,0.0,10.0,2022-03-08,True,True,312.99,0.0,False,-0.0,1.0
浙江省,2022-03,2022-02-18,0.0,349.69,0.0,349.69,https://www.celma.org.cn/dfzfxjh/55961.jhtml,349.69,0.0,349.69,0.0,0.0,12.0,2022-03-31,True,True,349.69,29.0,True,0.0,1.0
深圳市,2022-03,,,,,,,246.0,4.0,242.0,0.0,0.0,15.0,2022-03-22,False,True,246.0,,,,
湖北省,2022-03,2023-03-10,0.0,569.11,0.0,569.11,https://www.celma.org.cn/dfzfxjh/56733.jhtml,569.11,0.0,569.11,0.0,0.0,32.0,2022-03-22,True,True,569.11,-242.0,False,0.0,1.0
湖南省,2022-03,2022-08-08,0.0,333.8,0.0,333.8,https://www.celma.org.cn/dfzfxjh/55462.jhtml,333.81,0.0,333.81,0.0,0.0,27.0,2022-03-10,True,True,333.81,-104.0,False,0.01,1.0
贵州省,2022-03,2022-02-10,0.0,33.76,0.0,33.76,https://www.celma.org.cn/dfzfxjh/54818.jhtml,33.77,0.0,33.77,0.0,0.0,6.0,2022-03-17,True,True,33.77,25.0,True,0.01,1.0
辽宁省,2022-03,2022-04-03,33.0,0.0,41.68,74.68,https://www.celma.org.cn/dfzfxjh/54371.jhtml,74.68,33.0,0.0,41.68,0.0,2.0,2022-03-08,True,True,74.68,-19.0,False,0.0,1.0
重庆市,2022-03,,,,,,,53.9,0.0,53.9,0.0,0.0,3.0,2022-03-11,False,True,53.9,,,,
陕西省,2022-03,,,,,,,199.33,43.8,155.53,0.0,0.0,7.0,2022-03-25,False,True,199.33,,,,
青岛市,2022-03,2023-05-12,0.0,0.0,0.0,0.0,https://www.celma.org.cn/dfzfxjh/57231.jhtml,,,,,,,,True,False,,,False,,
青海省,2022-03,2022-03-14,30.0,38.61,0.0,68.61,https://www.celma.org.cn/dfzfxjh/54198.jhtml,68.61,30.0,38.61,0.0,0.0,6.0,2022-03-21,True,True,68.61,5.0,False,0.0,1.0
黑龙江省,2022-03,2022-02-19,0.0,0.0,93.25,93.25,https://www.celma.org.cn/dfzfxjh/54002.jhtml,21.82,0.0,21.82,0.0,0.0,4.0,2022-03-17,True,True,21.82,19.0,True,-71.43,0.23
内蒙古自治区,2022-04,2022-04-25,0.0,0.0,42.25,42.25,https://www.celma.org.cn/dfzfxjh/54481.jhtml,42.25,0.0,0.0,42.25,0.0,2.0,2022-04-12,True,True,42.25,-10.0,False,0.0,1.0
北京市,2022-04,2023-06-21,17.19,63.4,422.26,502.85,https://www.celma.org.cn/dfzfxjh/57664.jhtml,502.85,17.19,63.4,422.26,0.0,11.0,2022-04-19,True,True,502.85,-294.0,False,0.0,1.0
四川省,2022-04,2022-03-18,0.0,0.0,84.81,84.81,https://www.celma.org.cn/dfzfxjh/59032.jhtml,84.82,0.0,0.0,84.82,0.0,2.0,2022-04-07,True,True,84.82,13.0,True,0.01,1.0
天津市,2022-04,2023-12-14,0.0,38.1,152.15,190.25,https://www.celma.org.cn/dfzfxjh/59581.jhtml,190.25,0.0,38.1,152.15,0.0,11.0,2022-04-22,True,True,190.25,-412.0,False,0.0,1.0
宁夏回族自治区,2022-04,2022-03-21,0.0,0.0,0.0,0.0,https://www.celma.org.cn/dfzfxjh/54302.jhtml,,,,,,,,True,False,,,False,,
安徽省,2022-04,2022-04-25,0.0,40.92,0.0,40.92,https://www.celma.org.cn/dfzfxjh/54469.jhtml,40.92,0.0,40.92,0.0,0.0,4.0,2022-04-29,True,True,40.92,4.0,False,0.0,1.0
山东省,2022-04,2022-03-17,,,,,https://www.celma.org.cn/dfzfxjh/54230.jhtml,,,,,,,,True,False,,,True,,
广东省,2022-04,2023-06-05,0.0,0.0,0.0,0.0,https://www.celma.org.cn/dfzfxjh/57513.jhtml,,,,,,,,True,False,,,False,,
广西壮族自治区,2022-04,2022-03-15,0.0,0.0,0.0,0.0,https://www.celma.org.cn/dfzfxjh/54212.jhtml,,,,,,,,True,False,,,True,,
江苏省,2022-04,2022-03-29,0.0,0.0,351.17,351.17,https://www.celma.org.cn/dfzfxjh/54309.jhtml,351.17,0.0,0.0,351.17,0.0,2.0,2022-04-22,True,True,351.17,17.0,False,0.0,1.0
江西省,2022-04,,,,,,,37.06,0.0,37.06,0.0,0.0,4.0,2022-04-26,False,True,37.06,,,,
河北省,2022-04,2022-07-04,0.0,135.35,50.38,185.73,https://www.celma.org.cn/dfzfxjh/55216.jhtml,185.73,0.0,135.35,50.38,0.0,8.0,2022-04-27,True,True,185.73,-45.0,False,0.0,1.0
河南省,2022-04,2022-04-06,32.72,447.91,63.59,544.22,https://www.celma.org.cn/dfzfxjh/58735.jhtml,544.22,32.72,447.91,63.59,0.0,14.0,2022-04-06,True,True,544.22,0.0,False,0.0,1.0
浙江省,2022-04,2022-03-18,0.0,0.0,0.0,0.0,https://www.celma.org.cn/dfzfxjh/55962.jhtml,,,,,,,,True,False,,,True,,
海南省,2022-04,,,,,,,26.9,0.0,26.9,0.0,0.0,2.0,2022-04-28,False,True,26.9,,,,
湖北省,2022-04,2023-03-10,0.0,0.0,70.21,70.21,https://www.celma.org.cn/dfzfxjh/56734.jhtml,70.2,0.0,0.0,70.2,0.0,10.0,2022-04-12,True,True,70.2,-228.0,False,-0.01,1.0
湖南省,2022-04,2022-08-08,0.0,87.67,0.0,87.67,https://www.celma.org.cn/dfzfxjh/55463.jhtml,,,,,,,,True,False,,,False,,
西藏自治区,2022-04,2022-05-07,22.0,2.9,0.0,24.9,https://www.celma.org.cn/dfzfxjh/54521.jhtml,24.9,22.0,2.9,0.0,0.0,4.0,2022-04-07,True,True,24.9,-20.0,False,0.0,1.0
辽宁省,2022-04,2022-05-12,0.0,135.0,58.76,193.76,https://www.celma.org.cn/dfzfxjh/54585.jhtml,193.76,0.0,135.0,58.76,0.0,2.0,2022-04-14,True,True,193.76,-19.0,False,0.0,1.0
重庆市,2022-04,,,,,,,136.06,0.0,56.07,79.99,0.0,5.0,2022-04-08,False,True,136.06,,,,
陕西省,2022-04,,,,,,,104.05,0.0,54.68,49.37,0.0,6.0,2022-04-12,False,True,104.05,,,,
青岛市,2022-04,2023-05-12,0.0,0.0,0.0,0.0,https://www.celma.org.cn/dfzfxjh/57232.jhtml,,,,,,,,True,False,,,False,,
黑龙江省,2022-04,2022-03-18,173.0,0.0,93.25,266.25,https://www.celma.org.cn/dfzfxjh/54269.jhtml,306.92,97.75,0.0,209.17,0.0,5.0,2022-04-07,True,True,306.92,13.0,True,40.67,1.15
上海市,2022-05,2022-04-20,0.0,0.0,654.8,654.8,https://www.celma.org.cn/dfzfxjh/57747.jhtml,654.8,0.0,0.0,654.8,0.0,5.0,2022-05-16,True,True,654.8,17.0,True,0.0,1.0
云南省,2022-05,,,,,,,88.84,0.0,0.0,88.84,0.0,2.0,2022-05-13,False,True,88.84,,,,
内蒙古自治区,2022-05,,,,,,,509.26,236.7,163.0,109.56,0.0,15.0,2022-05-17,False,True,509.26,,,,
北京市,2022-05,2023-06-21,23.45,21.0,0.0,44.45,https://www.celma.org.cn/dfzfxjh/57665.jhtml,44.45,23.45,21.0,0.0,0.0,6.0,2022-05-10,True,True,44.45,-280.0,False,0.0,1.0
厦门市,2022-05,2022-05-23,11.0,159.0,0.0,170.0,https://www.celma.org.cn/dfzfxjh/54713.jhtml,170.0,11.0,159.0,0.0,0.0,11.0,2022-05-23,True,True,170.0,0.0,False,0.0,1.0
吉林省,2022-05,2022-04-19,0.0,94.9,67.89,162.79,https://www.celma.org.cn/dfzfxjh/54894.jhtml,162.79,0.0,94.9,67.89,0.0,6.0,2022-05-30,True,True,162.79,28.0,True,0.0,1.0
四川省,2022-05,2022-04-20,0.0,0.0,522.01,522.01,https://www.celma.org.cn/dfzfxjh/59033.jhtml,522.01,0.0,0.0,522.01,0.0,5.0,2022-05-12,True,True,522.01,15.0,True,0.0,1.0
大连市,2022-05,2022-05-31,0.0,80.15,12.25,92.4,https://www.celma.org.cn/dfzfxjh/54784.jhtml,92.4,0.0,80.15,12.25,0.0,6.0,2022-05-25,True,True,92.4,-4.0,False,0.0,1.0
天津市,2022-05,2023-12-14,0.0,65.96,89.26,155.22,https://www.celma.org.cn/dfzfxjh/59582.jhtml,155.22,0.0,65.96,89.26,0.0,11.0,2022-05-30,True,True,155.22,-387.0,False,0.0,1.0
宁夏回族自治区,2022-05,2022-04-20,24.0,0.0,0.0,24.0,https://www.celma.org.cn/dfzfxjh/54780.jhtml,24.0,24.0,0.0,0.0,0.0,1.0,2022-05-26,True,True,24.0,25.0,True,0.0,1.0
安徽省,2022-05,2022-05-25,55.52,268.01,91.29,414.82,https://www.celma.org.cn/dfzfxjh/54741.jhtml,414.82,55.52,268.01,91.29,0.0,11.0,2022-05-17,True,True,414.82,-6.0,False,0.0,1.0
山东省,2022-05,2022-04-19,,,,,https://www.celma.org.cn/dfzfxjh/54439.jhtml,999.46,4.73,611.0,383.73,0.0,15.0,2022-05-12,True,True,999.46,16.0,True,,
山西省,2022-05,2023-04-18,4.99,29.33,64.32,98.64,https://www.celma.org.cn/dfzfxjh/57047.jhtml,98.64,4.99,29.33,64.32,0.0,5.0,2022-05-24,True,True,98.64,-225.0,False,-0.0,1.0
广东省,2022-05,2023-06-05,132.0,1.0,231.61,364.61,https://www.celma.org.cn/dfzfxjh/57514.jhtml,1630.4,132.0,1266.79,231.61,0.0,13.0,2022-05-12,True,True,1630.4,-266.0,False,1265.79,4.47
广西壮族自治区,2022-05,2022-04-15,0.0,0.0,328.48,328.48,https://www.celma.org.cn/dfzfxjh/54432.jhtml,560.6,65.93,188.66,306.01,0.0,14.0,2022-05-18,True,True,560.6,22.0,True,232.12,1.71
新疆维吾尔自治区,2022-05,,,,,,,518.1,55.1,453.4,9.6,0.0,8.0,2022-05-26,False,True,518.1,,,,
江苏省,2022-05,2022-04-29,0.0,240.0,271.46,511.46,https://www.celma.org.cn/dfzfxjh/54501.jhtml,463.29,0.0,191.83,271.46,0.0,4.0,2022-05-20,True,True,463.29,13.0,False,-48.17,0.91
江西省,2022-05,,,,,,,595.95,141.41,332.5,122.04,0.0,11.0,2022-05-24,False,True,595.95,,,,
河北省,2022-05,2022-07-04,267.96,687.67,171.6,1127.23,https://www.celma.org.cn/dfzfxjh/55217.jhtml,1127.23,267.96,687.67,171.6,0.0,13.0,2022-05-20,True,True,1127.23,-30.0,False,0.0,1.0
河南省,2022-05,2022-05-25,0.0,409.1,166.35,575.45,https://www.celma.org.cn/dfzfxjh/58736.jhtml,575.45,0.0,409.1,166.35,0.0,11.0,2022-05-25,True,True,575.45,0.0,False,-0.0,1.0
浙江省,2022-05,2022-04-20,0.0,538.54,0.0,538.54,https://www.celma.org.cn/dfzfxjh/55963.jhtml,538.54,0.0,538.54,0.0,0.0,5.0,2022-05-31,True,True,538.54,28.0,True,0.0,1.0
海南省,2022-05,2022-11-10,0.0,0.0,0.0,0.0,https://www.celma.org.cn/dfzfxjh/56065.jhtml,,,,,,,,True,False,,,False,,
深圳市,2022-05,,,,,,,194.53,0.0,194.53,0.0,0.0,11.0,2022-05-25,False,True,194.53,,,,
湖北省,2022-05,2023-03-10,0.0,119.23,223.6,342.83,https://www.celma.org.cn/dfzfxjh/56735.jhtml,342.82,0.0,119.23,223.59,0.0,31.0,2022-05-10,True,True,342.82,-209.0,False,-0.01,1.0
湖南省,2022-05,2022-08-08,0.0,31.82,0.0,31.82,https://www.celma.org.cn/dfzfxjh/55464.jhtml,119.49,0.0,119.49,0.0,0.0,22.0,2022-05-13,True,True,119.49,-60.0,False,87.67,3.76
福建省,2022-05,2022-06-23,0.0,0.0,156.82,156.82,https://www.celma.org.cn/dfzfxjh/55101.jhtml,156.83,0.0,0.0,156.83,0.0,2.0,2022-05-25,True,True,156.83,-20.0,False,0.01,1.0
贵州省,2022-05,2022-04-15,0.0,10.93,371.32,382.25,https://www.celma.org.cn/dfzfxjh/54872.jhtml,382.26,0.0,10.93,371.33,0.0,5.0,2022-05-06,True,True,382.26,13.0,True,0.01,1.0
辽宁省,2022-05,2022-06-09,3.17,49.67,122.59,175.43,https://www.celma.org.cn/dfzfxjh/54870.jhtml,175.43,3.17,49.67,122.59,0.0,8.0,2022-05-17,True,True,175.43,-16.0,False,0.0,1.0
重庆市,2022-05,,,,,,,165.85,0.0,45.19,120.66,0.0,5.0,2022-05-31,False,True,165.85,,,,
陕西省,2022-05,,,,,,,182.66,0.0,72.94,109.72,0.0,5.0,2022-05-09,False,True,182.66,,,,
青岛市,2022-05,2023-05-12,37.0,0.0,17.91,54.91,https://www.celma.org.cn/dfzfxjh/57233.jhtml,54.91,37.0,0.0,17.91,0.0,2.0,2022-05-23,True,True,54.91,-243.0,False,0.0,1.0
青海省,2022-05,2022-04-28,0.0,20.75,55.5,76.25,https://www.celma.org.cn/dfzfxjh/54488.jhtml,76.25,0.0,20.75,55.5,0.0,8.0,2022-05-16,True,True,76.25,10.0,False,0.0,1.0
黑龙江省,2022-05,2022-04-16,153.38,126.07,0.0,279.45,https://www.celma.org.cn/dfzfxjh/54433.jhtml,279.45,153.39,126.06,0.0,0.0,8.0,2022-05-20,True,True,279.45,24.0,True,0.0,1.0
云南省,2022-06,,,,,,,403.23,102.67,231.88,68.68,0.0,10.0,2022-06-13,False,True,403.23,,,,
内蒙古自治区,2022-06,2022-07-06,0.0,0.0,180.56,180.56,https://www.celma.org.cn/dfzfxjh/55279.jhtml,180.56,0.0,0.0,180.56,0.0,1.0,2022-06-22,True,True,180.56,-10.0,False,0.0,1.0
北京市,2022-06,2023-06-21,80.0,498.0,488.5,1066.5,https://www.celma.org.cn/dfzfxjh/57666.jhtml,1066.5,80.0,498.0,488.5,0.0,22.0,2022-06-20,True,True,1066.5,-252.0,False,0.0,1.0
吉林省,2022-06,2022-05-19,1.99,85.03,3.2,90.22,https://www.celma.org.cn/dfzfxjh/55004.jhtml,422.79,103.04,319.75,0.0,0.0,16.0,2022-06-09,True,True,422.79,14.0,True,332.57,4.69
四川省,2022-06,2022-05-20,208.4,1.0,0.0,209.4,https://www.celma.org.cn/dfzfxjh/59034.jhtml,1208.41,208.4,1000.01,0.0,0.0,30.0,2022-06-13,True,True,1208.41,15.0,True,999.01,5.77
大连市,2022-06,2022-06-17,11.0,22.85,40.57,74.42,https://www.celma.org.cn/dfzfxjh/55000.jhtml,74.41,11.0,22.84,40.57,0.0,7.0,2022-06-23,True,True,74.41,4.0,False,-0.01,1.0
天津市,2022-06,2023-12-14,21.5,318.55,4.75,344.8,https://www.celma.org.cn/dfzfxjh/59583.jhtml,344.8,21.5,318.55,4.75,0.0,20.0,2022-06-20,True,True,344.8,-373.0,False,0.0,1.0
宁夏回族自治区,2022-06,2022-05-20,0.0,8.0,82.25,90.25,https://www.celma.org.cn/dfzfxjh/54782.jhtml,90.25,0.0,8.0,82.25,0.0,7.0,2022-06-07,True,True,90.25,11.0,True,0.0,1.0
宁波市,2022-06,,,,,,,261.55,6.0,165.0,90.55,0.0,16.0,2022-06-30,False,True,261.55,,,,
安徽省,2022-06,2022-06-08,0.0,837.0,257.79,1094.79,https://www.celma.org.cn/dfzfxjh/54860.jhtml,1094.79,0.0,837.0,257.79,0.0,16.0,2022-06-15,True,True,1094.79,5.0,False,0.0,1.0
山东省,2022-06,2022-05-19,,,,,https://www.celma.org.cn/dfzfxjh/54709.jhtml,1009.6,9.1,807.0,193.5,0.0,16.0,2022-06-09,True,True,1009.6,14.0,True,,
山西省,2022-06,2023-04-18,56.76,375.6,185.84,618.2,https://www.celma.org.cn/dfzfxjh/57048.jhtml,618.2,56.76,375.6,185.84,0.0,16.0,2022-06-16,True,True,618.2,-209.0,False,0.0,1.0
广东省,2022-06,2023-06-05,68.64,649.2,93.31,811.15,https://www.celma.org.cn/dfzfxjh/57515.jhtml,811.15,68.64,649.2,93.31,0.0,9.0,2022-06-15,True,True,811.15,-243.0,False,0.0,1.0
广西壮族自治区,2022-06,2022-05-13,77.72,196.34,83.06,357.12,https://www.celma.org.cn/dfzfxjh/56459.jhtml,357.13,77.72,196.34,83.07,0.0,9.0,2022-06-16,True,True,357.13,23.0,True,0.01,1.0
新疆生产建设兵团,2022-06,2022-06-30,0.0,56.0,0.0,56.0,https://www.celma.org.cn/dfzfxjh/55191.jhtml,56.0,0.0,56.0,0.0,0.0,3.0,2022-06-23,True,True,56.0,-5.0,False,0.0,1.0
新疆维吾尔自治区,2022-06,,,,,,,701.1,85.2,455.3,160.6,0.0,12.0,2022-06-23,False,True,701.1,,,,
江苏省,2022-06,2022-06-20,0.0,697.32,0.0,697.32,https://www.celma.org.cn/dfzfxjh/55036.jhtml,697.32,0.0,697.32,0.0,0.0,6.0,2022-06-24,True,True,697.32,4.0,False,0.0,1.0
江西省,2022-06,,,,,,,661.59,0.0,596.75,64.84,0.0,11.0,2022-06-28,False,True,661.59,,,,
河北省,2022-06,2022-07-04,0.0,468.34,47.21,515.55,https://www.celma.org.cn/dfzfxjh/55218.jhtml,515.55,0.0,468.34,47.21,0.0,13.0,2022-06-17,True,True,515.55,-11.0,False,0.0,1.0
河南省,2022-06,2022-06-10,190.24,556.9,125.9,873.05,https://www.celma.org.cn/dfzfxjh/58737.jhtml,873.07,190.24,556.92,125.91,0.0,21.0,2022-06-10,True,True,873.07,0.0,False,0.02,1.0
浙江省,2022-06,2022-05-20,181.0,558.46,298.7,1038.16,https://www.celma.org.cn/dfzfxjh/55964.jhtml,1038.16,181.0,558.46,298.7,0.0,14.0,2022-06-10,True,True,1038.16,14.0,True,0.0,1.0
海南省,2022-06,2022-07-14,57.0,194.96,60.42,312.38,https://www.celma.org.cn/dfzfxjh/55359.jhtml,312.38,57.0,194.96,60.42,0.0,18.0,2022-06-01,True,True,312.38,-30.0,False,0.0,1.0
深圳市,2022-06,,,,,,,107.49,7.0,100.49,0.0,0.0,13.0,2022-06-21,False,True,107.49,,,,
湖北省,2022-06,2023-03-10,206.2,861.45,124.09,1191.74,https://www.celma.org.cn/dfzfxjh/56747.jhtml,1191.74,206.2,861.45,124.09,0.0,47.0,2022-06-08,True,True,1191.74,-189.0,False,0.0,1.0
湖南省,2022-06,2022-08-08,0.0,831.57,199.99,1031.56,https://www.celma.org.cn/dfzfxjh/55466.jhtml,1031.57,0.0,831.58,199.99,0.0,68.0,2022-06-09,True,True,1031.57,-42.0,False,0.01,1.0
甘肃省,2022-06,2023-04-21,89.0,28.0,130.0,247.0,https://www.celma.org.cn/dfzfxjh/57083.jhtml,597.61,89.28,378.0,130.33,0.0,15.0,2022-06-09,True,True,597.61,-217.0,False,350.61,2.42
福建省,2022-06,2022-07-14,77.21,620.0,161.22,858.43,https://www.celma.org.cn/dfzfxjh/55352.jhtml,858.43,77.21,620.0,161.22,0.0,10.0,2022-06-14,True,True,858.43,-22.0,False,0.0,1.0
西藏自治区,2022-06,2022-07-12,29.0,14.51,0.0,43.51,https://www.celma.org.cn/dfzfxjh/55343.jhtml,43.51,29.0,14.51,0.0,0.0,15.0,2022-06-29,True,True,43.51,-9.0,False,0.0,1.0
贵州省,2022-06,2022-05-17,74.62,190.0,119.28,383.9,https://www.celma.org.cn/dfzfxjh/56231.jhtml,383.91,74.62,190.01,119.28,0.0,12.0,2022-06-30,True,True,383.91,31.0,True,0.01,1.0
辽宁省,2022-06,2022-07-08,35.74,155.33,168.02,359.09,https://www.celma.org.cn/dfzfxjh/55319.jhtml,359.09,35.74,155.33,168.02,0.0,9.0,2022-06-15,True,True,359.09,-17.0,False,-0.0,1.0
重庆市,2022-06,,,,,,,702.94,0.0,702.94,0.0,0.0,12.0,2022-06-16,False,True,702.94,,,,
陕西省,2022-06,,,,,,,591.47,103.73,376.06,111.68,0.0,16.0,2022-06-09,False,True,591.47,,,,
青岛市,2022-06,2023-05-12,0.0,241.0,0.0,241.0,https://www.celma.org.cn/dfzfxjh/57234.jhtml,241.0,0.0,241.0,0.0,0.0,10.0,2022-06-20,True,True,241.0,-224.0,False,0.0,1.0
青海省,2022-06,2022-06-07,72.0,2.17,30.4,104.57,https://www.celma.org.cn/dfzfxjh/54837.jhtml,104.57,72.0,2.17,30.4,0.0,6.0,2022-06-17,True,True,104.57,8.0,False,0.0,1.0
黑龙江省,2022-06,2022-05-19,87.87,236.93,40.77,365.57,https://www.celma.org.cn/dfzfxjh/54652.jhtml,324.81,87.87,236.94,0.0,0.0,13.0,2022-06-23,True,True,324.81,24.0,True,-40.76,0.89
上海市,2022-07,2022-07-01,129.0,185.4,0.0,314.4,https://www.celma.org.cn/dfzfxjh/57748.jhtml,314.4,129.0,185.4,0.0,0.0,12.0,2022-07-18,True,True,314.4,11.0,False,0.0,1.0
云南省,2022-07,,,,,,,338.06,0.0,0.0,338.06,0.0,3.0,2022-07-06,False,True,338.06,,,,
北京市,2022-07,2023-06-21,0.0,0.0,14.64,14.64,https://www.celma.org.cn/dfzfxjh/57668.jhtml,14.64,0.0,0.0,14.64,0.0,2.0,2022-07-29,True,True,14.64,-223.0,False,0.0,1.0
厦门市,2022-07,2022-07-20,0.0,0.0,40.0,40.0,https://www.celma.org.cn/dfzfxjh/55383.jhtml,40.0,0.0,0.0,40.0,0.0,1.0,2022-07-19,True,True,40.0,-1.0,False,0.0,1.0
吉林省,2022-07,,,,,,,376.09,0.0,162.78,213.31,0.0,10.0,2022-07-07,False,True,376.09,,,,
四川省,2022-07,2022-06-20,0.0,0.0,97.07,97.07,https://www.celma.org.cn/dfzfxjh/59035.jhtml,97.06,0.0,0.0,97.06,0.0,2.0,2022-07-26,True,True,97.06,26.0,True,-0.01,1.0
大连市,2022-07,2022-07-21,0.0,0.0,157.11,157.11,https://www.celma.org.cn/dfzfxjh/55387.jhtml,157.1,0.0,0.0,157.1,0.0,3.0,2022-07-28,True,True,157.1,5.0,False,-0.01,1.0
天津市,2022-07,2023-12-14,0.0,103.16,81.0,184.16,https://www.celma.org.cn/dfzfxjh/59585.jhtml,184.16,0.0,103.16,81.0,0.0,12.0,2022-07-08,True,True,184.16,-359.0,False,0.0,1.0
宁夏回族自治区,2022-07,2022-06-20,0.0,0.0,0.0,0.0,https://www.celma.org.cn/dfzfxjh/55021.jhtml,,,,,,,,True,False,,,True,,
安徽省,2022-07,2022-07-13,0.0,0.0,27.95,27.95,https://www.celma.org.cn/dfzfxjh/55348.jhtml,27.96,0.0,0.0,27.96,0.0,2.0,2022-07-07,True,True,27.96,-4.0,False,0.01,1.0
山东省,2022-07,2022-06-20,,,,,https://www.celma.org.cn/dfzfxjh/55042.jhtml,69.42,0.0,0.0,69.42,0.0,1.0,2022-07-12,True,True,69.42,16.0,True,,
广东省,2022-07,2023-06-05,0.0,0.0,356.84,356.84,https://www.celma.org.cn/dfzfxjh/57516.jhtml,356.84,0.0,0.0,356.84,0.0,4.0,2022-07-07,True,True,356.84,-227.0,False,0.0,1.0
广西壮族自治区,2022-07,2022-06-15,0.0,0.0,113.68,113.68,https://www.celma.org.cn/dfzfxjh/56460.jhtml,113.68,0.0,0.0,113.68,0.0,2.0,2022-07-12,True,True,113.68,19.0,True,0.0,1.0
新疆生产建设兵团,2022-07,2022-08-09,45.0,0.0,0.0,45.0,https://www.celma.org.cn/dfzfxjh/55483.jhtml,45.0,45.0,0.0,0.0,0.0,3.0,2022-07-28,True,True,45.0,-8.0,False,0.0,1.0
新疆维吾尔自治区,2022-07,,,,,,,89.1,0.0,0.0,89.1,0.0,2.0,2022-07-21,False,True,89.1,,,,
江苏省,2022-07,2022-06-20,136.0,161.63,0.0,297.63,https://www.celma.org.cn/dfzfxjh/55037.jhtml,297.63,136.0,161.63,0.0,0.0,3.0,2022-07-08,True,True,297.63,14.0,True,0.0,1.0
河北省,2022-07,2022-08-10,0.0,0.0,83.62,83.62,https://www.celma.org.cn/dfzfxjh/55489.jhtml,83.62,0.0,0.0,83.62,0.0,2.0,2022-07-18,True,True,83.62,-17.0,False,0.0,1.0
河南省,2022-07,2022-07-07,7.36,0.0,100.69,108.06,https://www.celma.org.cn/dfzfxjh/58738.jhtml,108.05,7.36,0.0,100.69,0.0,2.0,2022-07-07,True,True,108.05,0.0,False,-0.01,1.0
浙江省,2022-07,2022-06-20,0.0,0.0,0.0,0.0,https://www.celma.org.cn/dfzfxjh/55965.jhtml,,,,,,,,True,False,,,True,,
海南省,2022-07,2022-11-10,0.0,0.0,0.0,0.0,https://www.celma.org.cn/dfzfxjh/56067.jhtml,,,,,,,,True,False,,,False,,
湖北省,2022-07,2023-03-10,0.0,0.0,152.21,152.21,https://www.celma.org.cn/dfzfxjh/56737.jhtml,152.21,0.0,0.0,152.21,0.0,18.0,2022-07-01,True,True,152.21,-172.0,False,0.0,1.0
湖南省,2022-07,2022-08-08,164.43,0.0,125.98,290.41,https://www.celma.org.cn/dfzfxjh/55467.jhtml,290.41,164.43,0.0,125.98,0.0,2.0,2022-07-06,True,True,290.41,-23.0,False,0.0,1.0
贵州省,2022-07,2022-06-17,0.0,0.0,345.58,345.58,https://www.celma.org.cn/dfzfxjh/55411.jhtml,345.58,0.0,0.0,345.58,0.0,2.0,2022-07-15,True,True,345.58,20.0,True,0.0,1.0
重庆市,2022-07,,,,,,,389.93,57.78,0.0,332.15,0.0,6.0,2022-07-06,False,True,389.93,,,,
陕西省,2022-07,,,,,,,95.74,95.74,0.0,0.0,0.0,1.0,2022-07-21,False,True,95.74,,,,
青岛市,2022-07,2023-05-12,0.0,0.0,35.63,35.63,https://www.celma.org.cn/dfzfxjh/57235.jhtml,35.63,0.0,0.0,35.63,0.0,3.0,2022-07-21,True,True,35.63,-201.0,False,-0.0,1.0
黑龙江省,2022-07,2022-06-17,6.6,0.0,92.76,99.36,https://www.celma.org.cn/dfzfxjh/54994.jhtml,40.77,0.0,0.0,40.77,0.0,2.0,2022-07-13,True,True,40.77,18.0,True,-58.59,0.41
云南省,2022-08,,,,,,,185.32,0.0,0.0,185.32,0.0,4.0,2022-08-08,False,True,185.32,,,,
内蒙古自治区,2022-08,,,,,,,67.79,0.0,0.0,67.79,0.0,2.0,2022-08-16,False,True,67.79,,,,
北京市,2022-08,2023-06-21,0.0,0.0,0.0,0.0,https://www.celma.org.cn/dfzfxjh/57667.jhtml,,,,,,,,True,False,,,False,,
吉林省,2022-08,2022-07-19,0.0,20.0,15.36,35.36,https://www.celma.org.cn/dfzfxjh/55652.jhtml,35.36,0.0,20.0,15.36,0.0,4.0,2022-08-30,True,True,35.36,30.0,True,0.0,1.0
四川省,2022-08,2022-07-20,0.0,0.0,116.91,116.91,https://www.celma.org.cn/dfzfxjh/59036.jhtml,116.91,0.0,0.0,116.91,0.0,2.0,2022-08-17,True,True,116.91,20.0,True,0.0,1.0
大连市,2022-08,2022-08-23,0.0,50.0,0.0,50.0,https://www.celma.org.cn/dfzfxjh/55575.jhtml,50.0,0.0,50.0,0.0,0.0,1.0,2022-08-30,True,True,50.0,5.0,False,0.0,1.0
天津市,2022-08,2023-12-14,0.0,21.01,174.11,195.12,https://www.celma.org.cn/dfzfxjh/59587.jhtml,195.12,0.0,21.01,174.11,0.0,9.0,2022-08-16,True,True,195.12,-332.0,False,0.0,1.0
宁夏回族自治区,2022-08,2022-07-20,37.14,0.0,0.0,37.14,https://www.celma.org.cn/dfzfxjh/55500.jhtml,37.14,37.14,0.0,0.0,0.0,3.0,2022-08-22,True,True,37.14,23.0,True,0.0,1.0
安徽省,2022-08,2022-08-02,0.0,0.0,208.71,208.71,https://www.celma.org.cn/dfzfxjh/55441.jhtml,208.71,0.0,0.0,208.71,0.0,3.0,2022-08-02,True,True,208.71,0.0,False,0.0,1.0
山东省,2022-08,2022-07-16,,,,,https://www.celma.org.cn/dfzfxjh/55368.jhtml,470.54,25.94,0.0,444.6,0.0,3.0,2022-08-25,True,True,470.54,29.0,True,,
山西省,2022-08,2023-04-18,21.43,0.0,47.84,69.27,https://www.celma.org.cn/dfzfxjh/57049.jhtml,69.27,21.43,0.0,47.84,0.0,4.0,2022-08-23,True,True,69.27,-161.0,False,0.0,1.0
广东省,2022-08,2023-06-05,0.0,0.0,338.65,338.65,https://www.celma.org.cn/dfzfxjh/57517.jhtml,338.66,0.0,0.0,338.66,0.0,3.0,2022-08-04,True,True,338.66,-207.0,False,0.01,1.0
广西壮族自治区,2022-08,2022-07-13,0.0,0.0,0.0,0.0,https://www.celma.org.cn/dfzfxjh/56582.jhtml,,,,,,,,True,False,,,True,,
新疆维吾尔自治区,2022-08,,,,,,,41.3,13.2,0.0,28.1,0.0,2.0,2022-08-25,False,True,41.3,,,,
江苏省,2022-08,2022-07-25,0.0,0.0,418.53,418.53,https://www.celma.org.cn/dfzfxjh/55406.jhtml,418.53,0.0,0.0,418.53,0.0,3.0,2022-08-19,True,True,418.53,19.0,False,0.0,1.0
河北省,2022-08,2022-08-10,0.0,0.0,94.21,94.21,https://www.celma.org.cn/dfzfxjh/55490.jhtml,94.21,0.0,0.0,94.21,0.0,3.0,2022-08-15,True,True,94.21,3.0,False,0.0,1.0
河南省,2022-08,2022-08-25,12.0,0.0,157.58,169.58,https://www.celma.org.cn/dfzfxjh/58739.jhtml,169.58,12.0,0.0,157.58,0.0,5.0,2022-08-25,True,True,169.58,0.0,False,-0.0,1.0
浙江省,2022-08,2022-07-20,0.0,0.0,441.0,441.0,https://www.celma.org.cn/dfzfxjh/55966.jhtml,441.0,0.0,0.0,441.0,0.0,5.0,2022-08-05,True,True,441.0,12.0,True,0.0,1.0
海南省,2022-08,2022-08-22,0.0,0.0,103.22,103.22,https://www.celma.org.cn/dfzfxjh/55568.jhtml,103.22,0.0,0.0,103.22,0.0,2.0,2022-08-04,True,True,103.22,-12.0,False,0.0,1.0
湖南省,2022-08,2022-07-01,0.0,0.0,35.99,35.99,https://www.celma.org.cn/dfzfxjh/56366.jhtml,35.99,0.0,0.0,35.99,0.0,2.0,2022-08-22,True,True,35.99,36.0,True,-0.0,1.0
甘肃省,2022-08,2022-08-12,0.0,0.0,71.64,71.64,https://www.celma.org.cn/dfzfxjh/55536.jhtml,371.64,0.0,300.0,71.64,0.0,2.0,2022-08-09,True,True,371.64,-3.0,False,300.0,5.19
辽宁省,2022-08,2022-09-06,0.0,0.0,80.67,80.67,https://www.celma.org.cn/dfzfxjh/55650.jhtml,80.67,0.0,0.0,80.67,0.0,1.0,2022-08-02,True,True,80.67,-25.0,False,0.0,1.0
重庆市,2022-08,,,,,,,124.88,0.0,124.88,0.0,0.0,6.0,2022-08-18,False,True,124.88,,,,
陕西省,2022-08,,,,,,,161.43,16.62,0.0,144.81,0.0,7.0,2022-08-04,False,True,161.43,,,,
青岛市,2022-08,2023-05-12,0.0,0.0,40.19,40.19,https://www.celma.org.cn/dfzfxjh/57236.jhtml,40.19,0.0,0.0,40.19,0.0,3.0,2022-08-09,True,True,40.19,-188.0,False,0.0,1.0
黑龙江省,2022-08,2022-07-06,0.0,0.0,51.98,51.98,https://www.celma.org.cn/dfzfxjh/55255.jhtml,51.98,0.0,0.0,51.98,0.0,1.0,2022-08-11,True,True,51.98,26.0,True,0.0,1.0
上海市,2022-09,2022-09-09,0.0,140.5,366.3,506.8,https://www.celma.org.cn/dfzfxjh/57749.jhtml,506.8,0.0,140.5,366.3,0.0,10.0,2022-09-20,True,True,506.8,6.0,False,0.0,1.0
云南省,2022-09,,,,,,,141.02,0.0,0.0,141.02,0.0,2.0,2022-09-19,False,True,141.02,,,,
内蒙古自治区,2022-09,,,,,,,142.76,0.0,0.0,142.76,0.0,2.0,2022-09-05,False,True,142.76,,,,
北京市,2022-09,2023-06-21,0.0,0.0,0.0,0.0,https://www.celma.org.cn/dfzfxjh/57669.jhtml,,,,,,,,True,False,,,False,,
四川省,2022-09,2022-08-19,0.0,0.0,121.35,121.35,https://www.celma.org.cn/dfzfxjh/59037.jhtml,121.35,0.0,0.0,121.35,0.0,2.0,2022-09-26,True,True,121.35,25.0,True,0.0,1.0
天津市,2022-09,2023-12-14,0.0,12.89,0.0,12.89,https://www.celma.org.cn/dfzfxjh/59588.jhtml,12.89,0.0,12.89,0.0,0.0,5.0,2022-09-28,True,True,12.89,-302.0,False,0.0,1.0
宁夏回族自治区,2022-09,2022-08-19,0.0,0.0,0.0,0.0,https://www.celma.org.cn/dfzfxjh/55565.jhtml,,,,,,,,True,False,,,True,,
安徽省,2022-09,2022-09-23,0.0,0.0,120.07,120.07,https://www.celma.org.cn/dfzfxjh/55724.jhtml,120.07,0.0,0.0,120.07,0.0,2.0,2022-09-05,True,True,120.07,-13.0,False,0.0,1.0
山东省,2022-09,2022-08-19,,,,,https://www.celma.org.cn/dfzfxjh/55562.jhtml,35.84,25.84,0.0,10.0,0.0,2.0,2022-09-26,True,True,35.84,25.0,True,,
广东省,2022-09,2023-06-05,0.0,0.0,0.0,0.0,https://www.celma.org.cn/dfzfxjh/57518.jhtml,,,,,,,,True,False,,,False,,
广西壮族自治区,2022-09,2022-08-12,0.0,0.0,103.62,103.62,https://www.celma.org.cn/dfzfxjh/56461.jhtml,103.63,0.0,0.0,103.63,0.0,3.0,2022-09-08,True,True,103.63,19.0,True,0.01,1.0
新疆维吾尔自治区,2022-09,,,,,,,27.2,0.0,0.0,27.2,0.0,2.0,2022-09-22,False,True,27.2,,,,
江苏省,2022-09,2022-08-31,0.0,0.0,441.81,441.81,https://www.celma.org.cn/dfzfxjh/55631.jhtml,441.81,0.0,0.0,441.81,0.0,3.0,2022-09-16,True,True,441.81,11.0,False,0.0,1.0
江西省,2022-09,,,,,,,106.1,0.0,0.0,106.1,0.0,2.0,2022-09-30,False,True,106.1,,,,
河北省,2022-09,2022-11-02,0.0,0.0,195.57,195.57,https://www.celma.org.cn/dfzfxjh/56001.jhtml,195.57,0.0,0.0,195.57,0.0,4.0,2022-09-09,True,True,195.57,-34.0,False,0.0,1.0
河南省,2022-09,2022-09-13,0.0,0.0,172.85,172.85,https://www.celma.org.cn/dfzfxjh/58740.jhtml,172.85,0.0,0.0,172.85,0.0,3.0,2022-09-13,True,True,172.85,0.0,False,0.0,1.0
浙江省,2022-09,2022-08-19,0.0,0.0,0.0,0.0,https://www.celma.org.cn/dfzfxjh/55967.jhtml,,,,,,,,True,False,,,True,,
海南省,2022-09,2022-09-28,0.0,20.24,0.0,20.24,https://www.celma.org.cn/dfzfxjh/55743.jhtml,20.24,0.0,20.24,0.0,0.0,1.0,2022-09-15,True,True,20.24,-9.0,False,0.0,1.0
湖北省,2022-09,2023-03-10,0.0,0.0,22.21,22.21,https://www.celma.org.cn/dfzfxjh/56738.jhtml,22.21,0.0,0.0,22.21,0.0,7.0,2022-09-06,True,True,22.21,-125.0,False,0.0,1.0
湖南省,2022-09,2022-08-01,0.0,0.0,160.0,160.0,https://www.celma.org.cn/dfzfxjh/56367.jhtml,160.0,0.0,0.0,160.0,0.0,1.0,2022-09-01,True,True,160.0,23.0,True,0.0,1.0
福建省,2022-09,2022-09-15,0.0,0.0,96.76,96.76,https://www.celma.org.cn/dfzfxjh/55688.jhtml,96.76,0.0,0.0,96.76,0.0,2.0,2022-09-07,True,True,96.76,-5.0,False,0.0,1.0
贵州省,2022-09,2022-08-18,0.0,0.0,217.35,217.35,https://www.celma.org.cn/dfzfxjh/55694.jhtml,217.36,0.0,0.0,217.36,0.0,3.0,2022-09-02,True,True,217.36,11.0,True,0.01,1.0
辽宁省,2022-09,2022-10-12,0.0,67.0,116.42,183.42,https://www.celma.org.cn/dfzfxjh/55797.jhtml,183.43,0.0,67.0,116.43,0.0,7.0,2022-09-01,True,True,183.43,-25.0,False,0.01,1.0
重庆市,2022-09,,,,,,,55.22,55.22,0.0,0.0,0.0,1.0,2022-09-23,False,True,55.22,,,,
陕西省,2022-09,,,,,,,127.77,0.0,0.0,127.77,0.0,2.0,2022-09-23,False,True,127.77,,,,
青岛市,2022-09,2023-05-12,0.0,0.0,0.0,0.0,https://www.celma.org.cn/dfzfxjh/57237.jhtml,,,,,,,,True,False,,,False,,
黑龙江省,2022-09,2022-08-16,0.0,0.0,0.0,0.0,https://www.celma.org.cn/dfzfxjh/55539.jhtml,,,,,,,,True,False,,,True,,
云南省,2022-10,,,,,,,307.0,0.0,307.0,0.0,0.0,8.0,2022-10-25,False,True,307.0,,,,
内蒙古自治区,2022-10,,,,,,,230.97,26.9,55.0,149.07,0.0,6.0,2022-10-11,False,True,230.97,,,,
北京市,2022-10,2023-06-21,0.0,30.0,0.0,30.0,https://www.celma.org.cn/dfzfxjh/57670.jhtml,30.0,0.0,30.0,0.0,0.0,3.0,2022-10-27,True,True,30.0,-163.0,False,0.0,1.0
厦门市,2022-10,2022-11-01,0.0,27.0,13.04,40.04,https://www.celma.org.cn/dfzfxjh/55951.jhtml,40.04,0.0,27.0,13.04,0.0,6.0,2022-10-31,True,True,40.04,-1.0,False,0.0,1.0
吉林省,2022-10,2022-09-19,1.3,19.97,98.49,119.76,https://www.celma.org.cn/dfzfxjh/55944.jhtml,119.76,1.3,19.97,98.49,0.0,4.0,2022-10-14,True,True,119.76,16.0,True,-0.0,1.0
四川省,2022-10,2022-09-20,0.0,356.0,166.36,522.36,https://www.celma.org.cn/dfzfxjh/59038.jhtml,522.35,0.0,356.0,166.35,0.0,11.0,2022-10-17,True,True,522.35,16.0,True,-0.01,1.0
天津市,2022-10,2023-12-14,3.05,46.72,72.21,121.98,https://www.celma.org.cn/dfzfxjh/59589.jhtml,121.98,3.05,46.72,72.21,0.0,13.0,2022-10-10,True,True,121.98,-297.0,False,-0.0,1.0
宁夏回族自治区,2022-10,2022-09-20,0.0,0.0,72.75,72.75,https://www.celma.org.cn/dfzfxjh/55904.jhtml,72.75,0.0,0.0,72.75,0.0,4.0,2022-10-10,True,True,72.75,11.0,True,0.0,1.0
宁波市,2022-10,,,,,,,186.22,0.0,51.0,135.22,0.0,15.0,2022-10-31,False,True,186.22,,,,
安徽省,2022-10,2022-10-20,0.0,64.0,33.81,97.81,https://www.celma.org.cn/dfzfxjh/55834.jhtml,97.81,0.0,64.0,33.81,0.0,10.0,2022-10-26,True,True,97.81,4.0,False,0.0,1.0
山东省,2022-10,2022-09-20,,,,,https://www.celma.org.cn/dfzfxjh/55712.jhtml,432.34,4.39,360.0,67.95,0.0,10.0,2022-10-26,True,True,432.34,23.0,True,,
山西省,2022-10,2023-04-18,50.66,93.0,61.55,205.21,https://www.celma.org.cn/dfzfxjh/57050.jhtml,205.22,50.66,93.01,61.55,0.0,8.0,2022-10-28,True,True,205.22,-117.0,False,0.01,1.0
广东省,2022-10,2023-06-05,0.0,235.0,83.28,318.28,https://www.celma.org.cn/dfzfxjh/57519.jhtml,318.28,0.0,235.0,83.28,0.0,10.0,2022-10-10,True,True,318.28,-164.0,False,0.0,1.0
广西壮族自治区,2022-10,2022-09-15,0.0,127.0,0.0,127.0,https://www.celma.org.cn/dfzfxjh/56583.jhtml,127.0,0.0,127.0,0.0,0.0,4.0,2022-10-11,True,True,127.0,15.0,True,0.0,1.0
新疆维吾尔自治区,2022-10,,,,,,,129.42,0.0,123.0,6.42,0.0,7.0,2022-10-27,False,True,129.42,,,,
江苏省,2022-10,2022-09-26,0.0,215.0,0.0,215.0,https://www.celma.org.cn/dfzfxjh/55733.jhtml,,,,,,,,True,False,,,False,,
江西省,2022-10,,,,,,,366.38,0.0,234.0,132.38,0.0,18.0,2022-10-18,False,True,366.38,,,,
河北省,2022-10,2022-11-02,0.0,374.0,0.0,374.0,https://www.celma.org.cn/dfzfxjh/56002.jhtml,374.0,0.0,374.0,0.0,0.0,9.0,2022-10-20,True,True,374.0,-9.0,False,0.0,1.0
河南省,2022-10,2022-10-28,0.0,314.0,167.14,481.14,https://www.celma.org.cn/dfzfxjh/58741.jhtml,481.14,0.0,314.0,167.14,0.0,12.0,2022-10-28,True,True,481.14,0.0,False,0.0,1.0
浙江省,2022-10,2022-09-20,0.0,214.0,0.0,214.0,https://www.celma.org.cn/dfzfxjh/55996.jhtml,214.0,0.0,214.0,0.0,0.0,10.0,2022-10-31,True,True,214.0,26.0,True,0.0,1.0
海南省,2022-10,2022-11-10,0.0,85.28,78.63,163.91,https://www.celma.org.cn/dfzfxjh/56078.jhtml,163.91,0.0,85.28,78.63,0.0,8.0,2022-10-13,True,True,163.91,-20.0,False,0.0,1.0
深圳市,2022-10,,,,,,,117.0,0.0,117.0,0.0,0.0,13.0,2022-10-31,False,True,117.0,,,,
湖北省,2022-10,2023-03-10,0.0,242.0,93.89,335.89,https://www.celma.org.cn/dfzfxjh/56740.jhtml,335.9,0.0,242.0,93.9,0.0,16.0,2022-10-12,True,True,335.9,-103.0,False,0.01,1.0
湖南省,2022-10,2022-09-01,0.0,73.4,122.39,195.79,https://www.celma.org.cn/dfzfxjh/56368.jhtml,195.79,0.0,73.4,122.39,0.0,16.0,2022-10-11,True,True,195.79,24.0,True,0.0,1.0
甘肃省,2022-10,2023-04-21,0.0,0.0,47.0,47.0,https://www.celma.org.cn/dfzfxjh/57084.jhtml,134.94,0.0,87.0,47.94,0.0,10.0,2022-10-17,True,True,134.94,-129.0,False,87.94,2.87
福建省,2022-10,2022-11-10,0.0,295.82,0.0,295.82,https://www.celma.org.cn/dfzfxjh/56058.jhtml,295.81,0.0,295.81,0.0,0.0,6.0,2022-10-25,True,True,295.81,-12.0,False,-0.01,1.0
贵州省,2022-10,2022-09-19,1.44,33.0,248.6,283.04,https://www.celma.org.cn/dfzfxjh/56232.jhtml,283.04,1.44,33.0,248.6,0.0,5.0,2022-10-25,True,True,283.04,23.0,True,0.0,1.0
辽宁省,2022-10,2022-11-11,0.0,0.0,138.35,138.35,https://www.celma.org.cn/dfzfxjh/56082.jhtml,138.36,0.0,0.0,138.36,0.0,2.0,2022-10-19,True,True,138.36,-17.0,False,0.01,1.0
重庆市,2022-10,,,,,,,214.0,0.0,97.0,117.0,0.0,7.0,2022-10-14,False,True,214.0,,,,
陕西省,2022-10,,,,,,,190.0,0.0,190.0,0.0,0.0,12.0,2022-10-18,False,True,190.0,,,,
青岛市,2022-10,2023-05-12,0.0,40.0,43.37,83.37,https://www.celma.org.cn/dfzfxjh/57238.jhtml,83.37,0.0,40.0,43.37,0.0,12.0,2022-10-17,True,True,83.37,-143.0,False,0.0,1.0
青海省,2022-10,2022-10-11,68.0,74.9,102.67,245.57,https://www.celma.org.cn/dfzfxjh/55779.jhtml,245.58,68.0,74.91,102.67,0.0,11.0,2022-10-18,True,True,245.58,5.0,False,0.01,1.0
黑龙江省,2022-10,2022-09-19,0.0,33.0,198.97,231.97,https://www.celma.org.cn/dfzfxjh/55697.jhtml,33.0,0.0,33.0,0.0,0.0,5.0,2022-10-20,True,True,33.0,20.0,True,-198.97,0.14
云南省,2022-11,,,,,,,248.79,0.0,0.0,248.79,0.0,3.0,2022-11-02,False,True,248.79,,,,
内蒙古自治区,2022-11,,,,,,,127.15,0.0,0.0,127.15,0.0,2.0,2022-11-01,False,True,127.15,,,,
北京市,2022-11,2023-06-21,0.0,0.0,36.93,36.93,https://www.celma.org.cn/dfzfxjh/57671.jhtml,36.93,0.0,0.0,36.93,0.0,4.0,2022-11-10,True,True,36.93,-153.0,False,0.0,1.0
吉林省,2022-11,2022-10-19,0.0,20.03,76.45,96.48,https://www.celma.org.cn/dfzfxjh/56205.jhtml,96.48,0.0,20.03,76.45,0.0,4.0,2022-11-08,True,True,96.48,14.0,True,0.0,1.0
四川省,2022-11,2022-10-20,0.0,0.0,0.0,0.0,https://www.celma.org.cn/dfzfxjh/59062.jhtml,,,,,,,,True,False,,,True,,
大连市,2022-11,2022-10-25,0.0,12.0,65.25,77.25,https://www.celma.org.cn/dfzfxjh/55882.jhtml,77.24,0.0,12.0,65.24,0.0,4.0,2022-11-04,True,True,77.24,8.0,False,-0.01,1.0
天津市,2022-11,2023-12-14,0.0,47.54,48.91,96.45,https://www.celma.org.cn/dfzfxjh/59590.jhtml,96.45,0.0,47.54,48.91,0.0,12.0,2022-11-18,True,True,96.45,-268.0,False,-0.0,1.0
宁夏回族自治区,2022-11,2022-10-20,3.7,10.0,0.0,13.7,https://www.celma.org.cn/dfzfxjh/56159.jhtml,13.7,3.7,10.0,0.0,0.0,7.0,2022-11-30,True,True,13.7,29.0,True,0.0,1.0
山东省,2022-11,2022-10-20,,,,,https://www.celma.org.cn/dfzfxjh/55846.jhtml,,,,,,,,True,False,,,True,,
山西省,2022-11,2023-04-18,0.0,0.0,16.35,16.35,https://www.celma.org.cn/dfzfxjh/57051.jhtml,16.35,0.0,0.0,16.35,0.0,2.0,2022-11-23,True,True,16.35,-99.0,False,0.0,1.0
广东省,2022-11,2023-06-05,0.0,0.0,103.35,103.35,https://www.celma.org.cn/dfzfxjh/57520.jhtml,103.35,0.0,0.0,103.35,0.0,2.0,2022-11-15,True,True,103.35,-138.0,False,0.0,1.0
广西壮族自治区,2022-11,2022-10-14,0.0,0.0,27.51,27.51,https://www.celma.org.cn/dfzfxjh/56462.jhtml,27.5,0.0,0.0,27.5,0.0,2.0,2022-11-16,True,True,27.5,23.0,True,-0.01,1.0
新疆生产建设兵团,2022-11,2022-12-15,0.0,0.0,4.21,4.21,https://www.celma.org.cn/dfzfxjh/56236.jhtml,4.21,0.0,0.0,4.21,0.0,2.0,2022-11-29,True,True,4.21,-12.0,False,0.0,1.0
江苏省,2022-11,,,,,,,215.0,0.0,215.0,0.0,0.0,2.0,2022-11-11,False,True,215.0,,,,
河北省,2022-11,2022-12-21,0.0,0.0,32.4,32.4,https://www.celma.org.cn/dfzfxjh/56276.jhtml,32.4,0.0,0.0,32.4,0.0,1.0,2022-11-03,True,True,32.4,-34.0,False,0.0,1.0
河南省,2022-11,2022-11-04,32.18,80.0,103.26,215.44,https://www.celma.org.cn/dfzfxjh/58744.jhtml,215.45,32.18,80.0,103.27,0.0,4.0,2022-11-04,True,True,215.45,0.0,False,0.01,1.0
浙江省,2022-11,2022-10-20,0.0,0.0,0.0,0.0,https://www.celma.org.cn/dfzfxjh/55984.jhtml,,,,,,,,True,False,,,True,,
海南省,2022-11,,,,,,,32.72,0.0,32.72,0.0,0.0,5.0,2022-11-17,False,True,32.72,,,,
湖北省,2022-11,2023-03-10,0.0,0.0,21.0,21.0,https://www.celma.org.cn/dfzfxjh/56741.jhtml,21.0,0.0,0.0,21.0,0.0,9.0,2022-11-09,True,True,21.0,-83.0,False,0.0,1.0
湖南省,2022-11,2022-10-08,0.0,1.6,363.37,364.97,https://www.celma.org.cn/dfzfxjh/56369.jhtml,364.97,0.0,1.6,363.37,0.0,5.0,2022-11-11,True,True,364.97,26.0,True,0.0,1.0
福建省,2022-11,2022-12-06,0.0,36.18,109.86,146.04,https://www.celma.org.cn/dfzfxjh/56204.jhtml,146.05,0.0,36.18,109.87,0.0,5.0,2022-11-07,True,True,146.05,-21.0,False,0.01,1.0
西藏自治区,2022-11,2023-07-06,0.0,0.0,50.04,50.04,https://www.celma.org.cn/dfzfxjh/57952.jhtml,50.04,0.0,0.0,50.04,0.0,4.0,2022-11-28,True,True,50.04,-151.0,False,0.0,1.0
贵州省,2022-11,2022-10-19,0.0,0.0,149.0,149.0,https://www.celma.org.cn/dfzfxjh/56233.jhtml,148.99,0.0,0.0,148.99,0.0,3.0,2022-11-22,True,True,148.99,24.0,True,-0.01,1.0
辽宁省,2022-11,2022-12-06,0.0,0.0,53.1,53.1,https://www.celma.org.cn/dfzfxjh/56196.jhtml,53.1,0.0,0.0,53.1,0.0,1.0,2022-11-14,True,True,53.1,-16.0,False,0.0,1.0
陕西省,2022-11,,,,,,,142.1,0.0,0.0,142.1,0.0,3.0,2022-11-08,False,True,142.1,,,,
青岛市,2022-11,2023-05-12,0.0,0.0,0.0,0.0,https://www.celma.org.cn/dfzfxjh/57252.jhtml,,,,,,,,True,False,,,False,,
黑龙江省,2022-11,2022-10-20,0.0,0.0,198.97,198.97,https://www.celma.org.cn/dfzfxjh/55837.jhtml,198.97,0.0,0.0,198.97,0.0,2.0,2022-11-07,True,True,198.97,12.0,True,0.0,1.0
上海市,2022-12,2022-11-18,0.0,26.1,0.0,26.1,https://www.celma.org.cn/dfzfxjh/57750.jhtml,26.1,0.0,26.1,0.0,0.0,2.0,2022-12-05,True,True,26.1,11.0,True,0.0,1.0
内蒙古自治区,2022-12,,,,,,,21.04,0.0,0.0,21.04,0.0,2.0,2022-12-01,False,True,21.04,,,,
北京市,2022-12,2023-06-21,0.0,0.0,168.12,168.12,https://www.celma.org.cn/dfzfxjh/57672.jhtml,168.12,0.0,0.0,168.12,0.0,1.0,2022-12-12,True,True,168.12,-131.0,False,0.0,1.0
四川省,2022-12,2022-11-18,0.0,0.0,0.0,0.0,https://www.celma.org.cn/dfzfxjh/59040.jhtml,,,,,,,,True,False,,,True,,
大连市,2022-12,2022-12-06,0.0,0.0,0.0,0.0,https://www.celma.org.cn/dfzfxjh/56190.jhtml,,,,,,,,True,False,,,False,,
天津市,2022-12,2023-12-14,0.0,0.0,0.0,0.0,https://www.celma.org.cn/dfzfxjh/59591.jhtml,,,,,,,,True,False,,,False,,
宁夏回族自治区,2022-12,2022-11-18,0.0,0.0,0.0,0.0,https://www.celma.org.cn/dfzfxjh/56173.jhtml,,,,,,,,True,False,,,True,,
山东省,2022-12,2022-11-21,,,,,https://www.celma.org.cn/dfzfxjh/56148.jhtml,,,,,,,,True,False,,,False,,
广东省,2022-12,2023-06-05,0.0,0.0,0.0,0.0,https://www.celma.org.cn/dfzfxjh/57521.jhtml,,,,,,,,True,False,,,False,,
广西壮族自治区,2022-12,2022-11-14,0.0,0.0,7.16,7.16,https://www.celma.org.cn/dfzfxjh/56581.jhtml,7.16,0.0,0.0,7.16,0.0,1.0,2022-12-19,True,True,7.16,25.0,True,0.0,1.0
河北省,2022-12,2022-12-21,0.0,0.0,0.0,0.0,https://www.celma.org.cn/dfzfxjh/56277.jhtml,,,,,,,,True,False,,,False,,
浙江省,2022-12,2022-11-18,0.0,0.0,340.3,340.3,https://www.celma.org.cn/dfzfxjh/56595.jhtml,340.3,0.0,0.0,340.3,0.0,4.0,2022-12-08,True,True,340.3,14.0,True,0.0,1.0
深圳市,2022-12,,,,,,,53.88,0.0,0.0,53.88,0.0,4.0,2022-12-21,False,True,53.88,,,,
湖南省,2022-12,2022-11-01,0.0,0.0,0.0,0.0,https://www.celma.org.cn/dfzfxjh/56370.jhtml,,,,,,,,True,False,,,True,,
西藏自治区,2022-12,2023-06-27,0.0,7.23,0.0,7.23,https://www.celma.org.cn/dfzfxjh/57791.jhtml,7.23,0.0,7.23,0.0,0.0,7.0,2022-12-26,True,True,7.23,-124.0,False,0.0,1.0
辽宁省,2022-12,2023-01-11,0.0,65.0,216.57,281.57,https://www.celma.org.cn/dfzfxjh/56374.jhtml,281.57,0.0,65.0,216.57,0.0,2.0,2022-12-01,True,True,281.57,-28.0,False,0.0,1.0
青岛市,2022-12,2023-05-12,0.0,0.0,9.2,9.2,https://www.celma.org.cn/dfzfxjh/57239.jhtml,9.2,0.0,0.0,9.2,0.0,2.0,2022-12-05,True,True,9.2,-108.0,False,0.0,1.0
黑龙江省,2022-12,2022-11-17,0.0,0.0,0.0,0.0,https://www.celma.org.cn/dfzfxjh/56124.jhtml,,,,,,,,True,False,,,True,,
上海市,2023-01,2022-12-20,0.0,0.0,0.0,0.0,https://www.celma.org.cn/dfzfxjh/59101.jhtml,,,,,,,,True,False,,,True,,
内蒙古自治区,2023-01,2023-12-04,0.0,0.0,0.0,0.0,https://www.celma.org.cn/dfzfxjh/59421.jhtml,,,,,,,,True,False,,,False,,
北京市,2023-01,2023-07-14,36.06,180.28,38.56,254.9,https://www.celma.org.cn/dfzfxjh/58008.jhtml,254.9,36.06,180.28,38.56,0.0,8.0,2023-01-31,True,True,254.9,-115.0,False,0.0,1.0
厦门市,2023-01,2023-01-11,14.0,0.0,0.0,14.0,https://www.celma.org.cn/dfzfxjh/56371.jhtml,14.0,14.0,0.0,0.0,0.0,1.0,2023-01-09,True,True,14.0,-2.0,False,0.0,1.0
四川省,2023-01,2022-12-05,227.0,351.09,0.0,578.09,https://www.celma.org.cn/dfzfxjh/57845.jhtml,578.1,227.0,351.1,0.0,0.0,9.0,2023-01-17,True,True,578.1,30.0,True,0.01,1.0
大连市,2023-01,2023-01-16,12.0,0.0,0.0,12.0,https://www.celma.org.cn/dfzfxjh/56399.jhtml,30.8,12.0,0.0,18.8,0.0,2.0,2023-01-12,True,True,30.8,-2.0,False,18.8,2.57
天津市,2023-01,2023-10-18,12.95,19.2,0.0,32.15,https://www.celma.org.cn/dfzfxjh/58955.jhtml,32.15,12.95,19.2,0.0,0.0,5.0,2023-01-30,True,True,32.15,-180.0,False,0.0,1.0
安徽省,2023-01,2023-01-29,60.8,175.72,0.0,236.52,https://www.celma.org.cn/dfzfxjh/56449.jhtml,236.52,60.8,175.72,0.0,0.0,6.0,2023-01-31,True,True,236.52,2.0,False,-0.0,1.0
山东省,2023-01,2022-12-20,,,,,https://www.celma.org.cn/dfzfxjh/56275.jhtml,738.69,0.0,738.69,0.0,0.0,6.0,2023-01-30,True,True,738.69,25.0,True,,
山西省,2023-01,2023-04-18,14.21,198.75,0.0,212.96,https://www.celma.org.cn/dfzfxjh/57052.jhtml,212.96,14.21,198.75,0.0,0.0,8.0,2023-01-31,True,True,212.96,-54.0,False,0.0,1.0
广东省,2023-01,2023-06-05,135.3,1.0,0.0,136.3,https://www.celma.org.cn/dfzfxjh/57522.jhtml,1351.29,135.3,1215.99,0.0,0.0,10.0,2023-01-17,True,True,1351.29,-94.0,False,1214.99,9.91
广西壮族自治区,2023-01,2023-01-13,0.0,0.0,0.0,0.0,https://www.celma.org.cn/dfzfxjh/56381.jhtml,,,,,,,,True,False,,,False,,
新疆维吾尔自治区,2023-01,2023-03-23,0.0,0.0,0.0,0.0,https://www.celma.org.cn/dfzfxjh/56834.jhtml,,,,,,,,True,False,,,False,,
江苏省,2023-01,2023-01-06,152.0,0.0,0.0,152.0,https://www.celma.org.cn/dfzfxjh/56335.jhtml,152.0,152.0,0.0,0.0,0.0,1.0,2023-01-13,True,True,152.0,5.0,False,0.0,1.0
江西省,2023-01,2023-03-01,177.0,264.39,0.0,441.39,https://www.celma.org.cn/dfzfxjh/56684.jhtml,441.39,177.0,264.39,0.0,0.0,11.0,2023-01-17,True,True,441.39,-28.0,False,0.0,1.0
河北省,2023-01,2023-02-13,67.0,0.0,119.82,186.82,https://www.celma.org.cn/dfzfxjh/56572.jhtml,186.82,67.0,0.0,119.82,0.0,3.0,2023-01-31,True,True,186.82,-9.0,False,0.0,1.0
河南省,2023-01,2023-01-10,0.0,811.45,0.0,811.45,https://www.celma.org.cn/dfzfxjh/58726.jhtml,811.45,0.0,811.45,0.0,0.0,10.0,2023-01-10,True,True,811.45,0.0,False,-0.0,1.0
海南省,2023-01,2023-02-10,64.0,41.9,0.0,105.9,https://www.celma.org.cn/dfzfxjh/56543.jhtml,105.9,64.0,41.9,0.0,0.0,2.0,2023-01-19,True,True,105.9,-13.0,False,0.0,1.0
深圳市,2023-01,2022-12-20,0.0,0.0,0.0,0.0,https://www.celma.org.cn/dfzfxjh/61301.jhtml,,,,,,,,True,False,,,True,,
湖北省,2023-01,2022-12-19,232.08,220.21,0.0,452.29,https://www.celma.org.cn/dfzfxjh/63785.jhtml,452.29,232.08,220.21,0.0,0.0,13.0,2023-01-16,True,True,452.29,19.0,True,-0.0,1.0
湖南省,2023-01,2023-12-07,100.51,0.0,0.0,100.51,https://www.celma.org.cn/dfzfxjh/59488.jhtml,100.51,100.51,0.0,0.0,0.0,2.0,2023-01-17,True,True,100.51,-222.0,False,-0.0,1.0
甘肃省,2023-01,2023-11-06,0.0,0.0,0.0,0.0,https://www.celma.org.cn/dfzfxjh/59193.jhtml,,,,,,,,True,False,,,False,,
重庆市,2023-01,2023-09-19,0.0,459.65,0.0,459.65,https://www.celma.org.cn/dfzfxjh/58639.jhtml,459.65,0.0,459.65,0.0,0.0,5.0,2023-01-31,True,True,459.65,-162.0,False,0.0,1.0
陕西省,2023-01,,,,,,,62.92,0.0,62.92,0.0,0.0,6.0,2023-01-31,False,True,62.92,,,,
青岛市,2023-01,2023-01-11,41.0,171.6,0.0,212.6,https://www.celma.org.cn/dfzfxjh/56375.jhtml,212.6,41.0,171.6,0.0,0.0,11.0,2023-01-06,True,True,212.6,-3.0,False,0.0,1.0
黑龙江省,2023-01,2022-12-19,197.0,80.0,0.0,277.0,https://www.celma.org.cn/dfzfxjh/56267.jhtml,,,,,,,,True,False,,,True,,
上海市,2023-02,2023-01-20,0.0,0.0,0.0,0.0,https://www.celma.org.cn/dfzfxjh/59102.jhtml,,,,,,,,True,False,,,True,,
云南省,2023-02,2023-05-08,119.0,0.0,0.0,119.0,https://www.celma.org.cn/dfzfxjh/57152.jhtml,119.0,119.0,0.0,0.0,0.0,2.0,2023-02-08,True,True,119.0,-61.0,False,0.0,1.0
内蒙古自治区,2023-02,2023-12-04,0.0,0.0,0.0,0.0,https://www.celma.org.cn/dfzfxjh/59422.jhtml,,,,,,,,True,False,,,False,,
北京市,2023-02,2023-07-14,0.0,0.0,0.0,0.0,https://www.celma.org.cn/dfzfxjh/58009.jhtml,,,,,,,,True,False,,,False,,
厦门市,2023-02,2023-02-20,0.0,159.0,0.0,159.0,https://www.celma.org.cn/dfzfxjh/56616.jhtml,159.0,0.0,159.0,0.0,0.0,11.0,2023-02-17,True,True,159.0,-1.0,False,0.0,1.0
吉林省,2023-02,2023-01-19,12.86,0.0,0.0,12.86,https://www.celma.org.cn/dfzfxjh/56692.jhtml,12.86,12.86,0.0,0.0,0.0,1.0,2023-02-23,True,True,12.86,22.0,True,0.0,1.0
四川省,2023-02,2023-01-06,0.0,247.27,341.8,589.07,https://www.celma.org.cn/dfzfxjh/57846.jhtml,589.07,0.0,247.27,341.8,0.0,10.0,2023-02-02,True,True,589.07,16.0,True,0.0,1.0
大连市,2023-02,2023-02-17,0.0,22.0,0.0,22.0,https://www.celma.org.cn/dfzfxjh/56605.jhtml,62.0,0.0,62.0,0.0,0.0,4.0,2023-02-15,True,True,62.0,-2.0,False,40.0,2.82
天津市,2023-02,2023-10-18,0.0,27.4,1.5,28.9,https://www.celma.org.cn/dfzfxjh/58961.jhtml,28.9,0.0,27.4,1.5,0.0,11.0,2023-02-23,True,True,28.9,-162.0,False,0.0,1.0
宁夏回族自治区,2023-02,2023-01-18,0.0,0.0,0.0,0.0,https://www.celma.org.cn/dfzfxjh/56529.jhtml,,,,,,,,True,False,,,True,,
宁波市,2023-02,2023-01-17,7.0,103.0,0.0,110.0,https://www.celma.org.cn/dfzfxjh/56414.jhtml,110.0,7.0,103.0,0.0,0.0,8.0,2023-02-20,True,True,110.0,21.0,True,0.0,1.0
安徽省,2023-02,2023-02-15,25.2,217.64,0.0,242.84,https://www.celma.org.cn/dfzfxjh/56591.jhtml,242.84,25.2,217.64,0.0,0.0,12.0,2023-02-22,True,True,242.84,5.0,False,0.0,1.0
山东省,2023-02,2023-01-19,,,,,https://www.celma.org.cn/dfzfxjh/56429.jhtml,333.64,0.0,333.64,0.0,0.0,6.0,2023-02-20,True,True,333.64,19.0,True,,
山西省,2023-02,2024-05-10,0.0,0.0,0.0,0.0,https://www.celma.org.cn/dfzfxjh/60823.jhtml,,,,,,,,True,False,,,False,,
广东省,2023-02,2023-06-05,0.0,0.0,214.99,214.99,https://www.celma.org.cn/dfzfxjh/57524.jhtml,214.99,0.0,0.0,214.99,0.0,2.0,2023-02-23,True,True,214.99,-70.0,False,0.0,1.0
广西壮族自治区,2023-02,2023-01-05,172.0,172.22,98.99,443.21,https://www.celma.org.cn/dfzfxjh/60880.jhtml,443.21,172.0,172.22,98.99,0.0,9.0,2023-02-16,True,True,443.21,27.0,True,0.0,1.0
新疆维吾尔自治区,2023-02,2023-03-23,81.1,109.8,0.0,190.9,https://www.celma.org.cn/dfzfxjh/56836.jhtml,190.9,81.1,109.8,0.0,0.0,6.0,2023-02-09,True,True,190.9,-30.0,False,-0.0,1.0
江苏省,2023-02,2023-02-08,0.0,0.0,404.28,404.28,https://www.celma.org.cn/dfzfxjh/56519.jhtml,404.28,0.0,0.0,404.28,0.0,2.0,2023-02-10,True,True,404.28,2.0,False,0.0,1.0
江西省,2023-02,2023-03-01,0.0,114.51,0.0,114.51,https://www.celma.org.cn/dfzfxjh/56685.jhtml,114.51,0.0,114.51,0.0,0.0,8.0,2023-02-23,True,True,114.51,-4.0,False,0.0,1.0
河北省,2023-02,2023-02-27,145.0,802.78,78.95,1026.73,https://www.celma.org.cn/dfzfxjh/56671.jhtml,1026.73,145.0,802.78,78.95,0.0,14.0,2023-02-10,True,True,1026.73,-11.0,False,0.0,1.0
河南省,2023-02,2024-05-09,0.0,0.0,0.0,0.0,https://www.celma.org.cn/dfzfxjh/60774.jhtml,,,,,,,,True,False,,,False,,
浙江省,2023-02,2023-01-19,0.0,263.88,0.0,263.88,https://www.celma.org.cn/dfzfxjh/56596.jhtml,263.88,0.0,263.88,0.0,0.0,8.0,2023-02-10,True,True,263.88,13.0,True,0.0,1.0
海南省,2023-02,2023-03-13,0.0,60.78,5.95,66.73,https://www.celma.org.cn/dfzfxjh/56760.jhtml,66.73,0.0,60.78,5.95,0.0,5.0,2023-02-23,True,True,66.73,-12.0,False,0.0,1.0
深圳市,2023-02,2023-01-20,0.0,58.11,0.0,58.11,https://www.celma.org.cn/dfzfxjh/61302.jhtml,58.11,0.0,58.11,0.0,0.0,9.0,2023-02-17,True,True,58.11,17.0,True,0.0,1.0
湖北省,2023-02,2023-01-18,0.0,166.81,195.75,362.56,https://www.celma.org.cn/dfzfxjh/63786.jhtml,362.56,0.0,166.81,195.75,0.0,17.0,2023-02-01,True,True,362.56,7.0,True,0.0,1.0
湖南省,2023-02,2023-12-07,78.0,0.0,0.0,78.0,https://www.celma.org.cn/dfzfxjh/59489.jhtml,78.0,78.0,0.0,0.0,0.0,1.0,2023-02-24,True,True,78.0,-197.0,False,0.0,1.0
甘肃省,2023-02,2023-04-21,105.0,0.0,0.0,105.0,https://www.celma.org.cn/dfzfxjh/57102.jhtml,105.0,105.0,0.0,0.0,0.0,1.0,2023-02-15,True,True,105.0,-46.0,False,0.0,1.0
贵州省,2023-02,2023-01-17,88.0,129.94,0.0,217.94,https://www.celma.org.cn/dfzfxjh/58545.jhtml,217.93,88.0,129.93,0.0,0.0,6.0,2023-02-20,True,True,217.93,21.0,True,-0.01,1.0
辽宁省,2023-02,2023-03-15,42.0,44.0,0.0,86.0,https://www.celma.org.cn/dfzfxjh/56781.jhtml,86.0,42.0,44.0,0.0,0.0,8.0,2023-02-24,True,True,86.0,-13.0,False,0.0,1.0
重庆市,2023-02,2024-06-14,0.0,0.0,0.0,0.0,https://www.celma.org.cn/dfzfxjh/61288.jhtml,,,,,,,,True,False,,,False,,
陕西省,2023-02,2024-05-11,52.1,208.23,0.0,260.33,https://www.celma.org.cn/dfzfxjh/60841.jhtml,416.63,208.4,208.23,0.0,0.0,11.0,2023-02-28,True,True,416.63,-300.0,False,156.3,1.6
青岛市,2023-02,2023-01-11,0.0,0.0,0.0,0.0,https://www.celma.org.cn/dfzfxjh/56376.jhtml,,,,,,,,True,False,,,True,,
黑龙江省,2023-02,2023-01-18,134.37,76.52,0.0,210.89,https://www.celma.org.cn/dfzfxjh/56436.jhtml,210.89,134.37,76.52,0.0,0.0,10.0,2023-02-02,True,True,210.89,8.0,True,0.0,1.0
上海市,2023-03,2023-02-20,137.0,324.0,0.0,461.0,https://www.celma.org.cn/dfzfxjh/57751.jhtml,461.0,137.0,324.0,0.0,0.0,11.0,2023-03-20,True,True,461.0,20.0,True,0.0,1.0
云南省,2023-03,2023-05-08,0.0,472.0,300.63,772.63,https://www.celma.org.cn/dfzfxjh/57153.jhtml,772.63,0.0,472.0,300.63,0.0,10.0,2023-03-17,True,True,772.63,-34.0,False,0.0,1.0
内蒙古自治区,2023-03,2023-12-04,0.0,200.0,239.99,439.99,https://www.celma.org.cn/dfzfxjh/59423.jhtml,440.0,0.0,200.0,240.0,0.0,3.0,2023-03-07,True,True,440.0,-187.0,False,0.01,1.0
北京市,2023-03,2023-07-14,0.0,215.52,0.0,215.52,https://www.celma.org.cn/dfzfxjh/58010.jhtml,215.52,0.0,215.52,0.0,0.0,4.0,2023-03-23,True,True,215.52,-78.0,False,0.0,1.0
吉林省,2023-03,2023-02-19,11.7,0.0,0.0,11.7,https://www.celma.org.cn/dfzfxjh/56905.jhtml,11.7,11.7,0.0,0.0,0.0,1.0,2023-03-27,True,True,11.7,26.0,True,0.0,1.0
四川省,2023-03,2023-02-06,0.0,425.77,0.0,425.77,https://www.celma.org.cn/dfzfxjh/57847.jhtml,425.77,0.0,425.77,0.0,0.0,6.0,2023-03-31,True,True,425.77,39.0,True,0.0,1.0
天津市,2023-03,2023-10-18,0.0,14.2,81.04,95.24,https://www.celma.org.cn/dfzfxjh/58962.jhtml,95.24,0.0,14.2,81.04,0.0,9.0,2023-03-09,True,True,95.24,-152.0,False,0.0,1.0
宁夏回族自治区,2023-03,2023-02-20,40.0,1.21,20.79,62.0,https://www.celma.org.cn/dfzfxjh/56773.jhtml,62.0,40.0,1.21,20.79,0.0,4.0,2023-03-09,True,True,62.0,13.0,True,0.0,1.0
安徽省,2023-03,2023-03-09,0.0,138.5,264.74,403.24,https://www.celma.org.cn/dfzfxjh/56724.jhtml,403.24,0.0,138.5,264.74,0.0,9.0,2023-03-08,True,True,403.24,-1.0,False,0.0,1.0
山东省,2023-03,2023-02-20,,,,,https://www.celma.org.cn/dfzfxjh/56630.jhtml,475.47,0.0,55.06,420.41,0.0,10.0,2023-03-02,True,True,475.47,8.0,True,,
山西省,2023-03,2023-04-18,124.59,109.15,49.22,282.96,https://www.celma.org.cn/dfzfxjh/57053.jhtml,282.97,124.59,109.16,49.22,0.0,9.0,2023-03-31,True,True,282.97,-11.0,False,0.01,1.0
广东省,2023-03,2023-06-05,0.0,0.0,0.0,0.0,https://www.celma.org.cn/dfzfxjh/57525.jhtml,,,,,,,,True,False,,,False,,
广西壮族自治区,2023-03,2023-02-14,0.0,116.0,227.6,343.6,https://www.celma.org.cn/dfzfxjh/56580.jhtml,222.6,0.0,0.0,222.6,0.0,3.0,2023-03-22,True,True,222.6,26.0,True,-121.0,0.65
新疆维吾尔自治区,2023-03,2023-03-23,35.9,87.2,60.2,183.3,https://www.celma.org.cn/dfzfxjh/56835.jhtml,183.3,35.9,87.2,60.2,0.0,9.0,2023-03-23,True,True,183.3,0.0,False,0.0,1.0
江苏省,2023-03,2023-03-06,0.0,796.94,0.0,796.94,https://www.celma.org.cn/dfzfxjh/56708.jhtml,796.94,0.0,796.94,0.0,0.0,6.0,2023-03-10,True,True,796.94,4.0,False,-0.0,1.0
江西省,2023-03,2023-10-12,0.0,127.73,167.59,295.32,https://www.celma.org.cn/dfzfxjh/58877.jhtml,295.32,0.0,127.73,167.59,0.0,10.0,2023-03-20,True,True,295.32,-141.0,False,0.0,1.0
河北省,2023-03,2023-04-20,0.0,0.0,0.0,0.0,https://www.celma.org.cn/dfzfxjh/57078.jhtml,,,,,,,,True,False,,,False,,
河南省,2023-03,2023-02-20,0.0,0.0,0.0,0.0,https://www.celma.org.cn/dfzfxjh/60775.jhtml,,,,,,,,True,False,,,True,,
浙江省,2023-03,2023-02-19,198.0,371.75,0.0,569.75,https://www.celma.org.cn/dfzfxjh/56899.jhtml,569.75,198.0,368.0,0.0,0.0,10.0,2023-03-31,True,True,566.0,30.0,True,-3.75,0.99
海南省,2023-03,2024-04-29,0.0,0.0,0.0,0.0,https://www.celma.org.cn/dfzfxjh/60733.jhtml,,,,,,,,True,False,,,False,,
深圳市,2023-03,2023-02-20,0.0,61.38,0.0,61.38,https://www.celma.org.cn/dfzfxjh/61303.jhtml,,,,,,,,True,False,,,True,,
湖北省,2023-03,2023-02-15,3.7,106.4,0.0,110.1,https://www.celma.org.cn/dfzfxjh/63787.jhtml,110.1,3.7,106.4,0.0,0.0,14.0,2023-03-13,True,True,110.1,18.0,True,0.0,1.0
湖南省,2023-03,2023-12-07,0.0,363.31,0.0,363.31,https://www.celma.org.cn/dfzfxjh/59490.jhtml,363.3,0.0,363.3,0.0,0.0,27.0,2023-03-10,True,True,363.3,-187.0,False,-0.01,1.0
甘肃省,2023-03,2023-04-21,0.0,0.0,0.0,0.0,https://www.celma.org.cn/dfzfxjh/57103.jhtml,300.88,0.0,300.88,0.0,0.0,11.0,2023-03-24,True,True,300.88,-19.0,False,300.88,
福建省,2023-03,2023-04-12,87.0,755.0,0.0,842.0,https://www.celma.org.cn/dfzfxjh/56976.jhtml,842.01,87.0,755.01,0.0,0.0,6.0,2023-03-22,True,True,842.01,-14.0,False,0.01,1.0
贵州省,2023-03,2023-02-17,0.0,0.0,238.29,238.29,https://www.celma.org.cn/dfzfxjh/58546.jhtml,238.3,0.0,0.0,238.3,0.0,2.0,2023-03-29,True,True,238.3,28.0,True,0.01,1.0
辽宁省,2023-03,2023-04-14,0.0,0.0,302.4,302.4,https://www.celma.org.cn/dfzfxjh/57017.jhtml,302.4,0.0,0.0,302.4,0.0,3.0,2023-03-21,True,True,302.4,-17.0,False,0.0,1.0
重庆市,2023-03,2023-09-19,0.0,95.1,116.0,211.1,https://www.celma.org.cn/dfzfxjh/58640.jhtml,211.1,0.0,95.1,116.0,0.0,6.0,2023-03-03,True,True,211.1,-139.0,False,0.0,1.0
陕西省,2023-03,2024-05-11,39.14,82.82,112.09,234.05,https://www.celma.org.cn/dfzfxjh/60842.jhtml,234.05,39.14,82.82,112.09,0.0,8.0,2023-03-27,True,True,234.05,-281.0,False,0.0,1.0
青岛市,2023-03,2023-05-12,0.0,147.4,23.83,171.23,https://www.celma.org.cn/dfzfxjh/57223.jhtml,171.23,0.0,147.4,23.83,0.0,14.0,2023-03-23,True,True,171.23,-34.0,False,0.0,1.0
青海省,2023-03,2023-03-08,41.0,9.0,0.0,50.0,https://www.celma.org.cn/dfzfxjh/56719.jhtml,50.0,41.0,9.0,0.0,0.0,3.0,2023-03-15,True,True,50.0,5.0,False,0.0,1.0
黑龙江省,2023-03,2023-02-20,0.0,0.0,263.67,263.67,https://www.celma.org.cn/dfzfxjh/56615.jhtml,363.66,0.0,100.0,263.66,0.0,3.0,2023-03-16,True,True,363.66,18.0,True,99.99,1.38
上海市,2023-04,2023-03-20,0.0,0.0,0.0,0.0,https://www.celma.org.cn/dfzfxjh/59103.jhtml,,,,,,,,True,False,,,True,,
内蒙古自治区,2023-04,2023-12-04,0.0,45.0,131.73,176.73,https://www.celma.org.cn/dfzfxjh/59424.jhtml,176.73,0.0,45.0,131.73,0.0,7.0,2023-04-18,True,True,176.73,-158.0,False,0.0,1.0
北京市,2023-04,2023-07-14,0.0,0.0,12.1,12.1,https://www.celma.org.cn/dfzfxjh/58011.jhtml,12.1,0.0,0.0,12.1,0.0,1.0,2023-04-18,True,True,12.1,-61.0,False,0.0,1.0
吉林省,2023-04,2023-03-19,6.55,0.0,112.41,118.96,https://www.celma.org.cn/dfzfxjh/57117.jhtml,118.96,6.55,0.0,112.41,0.0,4.0,2023-04-03,True,True,118.96,11.0,True,0.0,1.0
四川省,2023-04,2023-03-06,0.0,314.87,176.74,491.61,https://www.celma.org.cn/dfzfxjh/57848.jhtml,491.6,0.0,314.87,176.73,0.0,9.0,2023-04-28,True,True,491.6,39.0,True,-0.01,1.0
天津市,2023-04,2023-10-18,0.0,0.0,0.0,0.0,https://www.celma.org.cn/dfzfxjh/58963.jhtml,,,,,,,,True,False,,,False,,
宁夏回族自治区,2023-04,2023-03-15,14.0,30.0,0.0,44.0,https://www.celma.org.cn/dfzfxjh/56785.jhtml,30.0,0.0,30.0,0.0,0.0,1.0,2023-04-13,True,True,30.0,20.0,True,-14.0,0.68
安徽省,2023-04,2023-04-17,0.0,27.25,0.0,27.25,https://www.celma.org.cn/dfzfxjh/57020.jhtml,27.25,0.0,27.25,0.0,0.0,8.0,2023-04-25,True,True,27.25,7.0,False,0.0,1.0
山东省,2023-04,2023-03-20,,,,,https://www.celma.org.cn/dfzfxjh/56824.jhtml,264.79,0.0,58.56,206.23,0.0,6.0,2023-04-18,True,True,264.79,20.0,True,,
山西省,2023-04,2023-05-16,0.0,0.0,72.6,72.6,https://www.celma.org.cn/dfzfxjh/57283.jhtml,72.6,0.0,0.0,72.6,0.0,2.0,2023-04-19,True,True,72.6,-18.0,False,0.0,1.0
广东省,2023-04,2023-06-05,49.27,553.79,524.54,1127.6,https://www.celma.org.cn/dfzfxjh/57526.jhtml,1127.59,49.27,553.78,524.54,0.0,12.0,2023-04-13,True,True,1127.59,-36.0,False,-0.01,1.0
广西壮族自治区,2023-04,2023-03-15,0.0,277.78,0.0,277.78,https://www.celma.org.cn/dfzfxjh/56788.jhtml,84.0,0.0,84.0,0.0,0.0,1.0,2023-04-19,True,True,84.0,24.0,True,-193.78,0.3
新疆生产建设兵团,2023-04,2023-05-06,47.0,12.0,0.0,59.0,https://www.celma.org.cn/dfzfxjh/57151.jhtml,59.0,47.0,12.0,0.0,0.0,6.0,2023-04-26,True,True,59.0,-5.0,False,0.0,1.0
新疆维吾尔自治区,2023-04,2023-04-07,0.0,0.0,52.8,52.8,https://www.celma.org.cn/dfzfxjh/56929.jhtml,52.8,0.0,0.0,52.8,0.0,2.0,2023-04-13,True,True,52.8,4.0,False,0.0,1.0
江苏省,2023-04,2023-04-07,0.0,0.0,423.8,423.8,https://www.celma.org.cn/dfzfxjh/56926.jhtml,423.8,0.0,0.0,423.8,0.0,4.0,2023-04-14,True,True,423.8,5.0,False,-0.0,1.0
江西省,2023-04,2023-10-12,0.0,89.86,0.0,89.86,https://www.celma.org.cn/dfzfxjh/58878.jhtml,89.86,0.0,89.86,0.0,0.0,6.0,2023-04-24,True,True,89.86,-116.0,False,0.0,1.0
河北省,2023-04,2023-04-24,75.0,187.15,181.55,443.7,https://www.celma.org.cn/dfzfxjh/57121.jhtml,443.7,75.0,187.15,181.55,0.0,7.0,2023-04-07,True,True,443.7,-12.0,False,0.0,1.0
河南省,2023-04,2023-04-07,0.0,239.32,201.64,440.96,https://www.celma.org.cn/dfzfxjh/58727.jhtml,440.96,0.0,239.32,201.64,0.0,13.0,2023-04-07,True,True,440.96,0.0,False,0.0,1.0
浙江省,2023-04,2023-03-20,0.0,99.61,402.85,502.46,https://www.celma.org.cn/dfzfxjh/57120.jhtml,502.46,0.0,99.61,402.85,0.0,10.0,2023-04-28,True,True,502.46,29.0,True,0.0,1.0
海南省,2023-04,2024-04-29,0.0,0.0,84.56,84.56,https://www.celma.org.cn/dfzfxjh/60732.jhtml,84.55,0.0,0.0,84.55,0.0,3.0,2023-04-10,True,True,84.55,-265.0,False,-0.01,1.0
深圳市,2023-04,2023-03-20,0.0,114.27,0.0,114.27,https://www.celma.org.cn/dfzfxjh/61304.jhtml,114.27,0.0,114.27,0.0,0.0,13.0,2023-04-17,True,True,114.27,19.0,True,0.0,1.0
湖北省,2023-04,2023-03-18,0.0,49.93,166.13,216.06,https://www.celma.org.cn/dfzfxjh/63788.jhtml,216.06,0.0,49.93,166.13,0.0,9.0,2023-04-11,True,True,216.06,16.0,True,0.0,1.0
湖南省,2023-04,2023-12-07,0.0,143.85,271.98,415.83,https://www.celma.org.cn/dfzfxjh/59499.jhtml,415.83,0.0,143.85,271.98,0.0,19.0,2023-04-03,True,True,415.83,-171.0,False,0.0,1.0
甘肃省,2023-04,2023-04-23,0.0,0.0,260.0,260.0,https://www.celma.org.cn/dfzfxjh/57114.jhtml,260.19,0.0,0.0,260.19,0.0,3.0,2023-04-12,True,True,260.19,-8.0,False,0.19,1.0
福建省,2023-04,2023-04-12,0.0,0.0,76.29,76.29,https://www.celma.org.cn/dfzfxjh/56977.jhtml,76.29,0.0,0.0,76.29,0.0,2.0,2023-04-03,True,True,76.29,-6.0,False,-0.0,1.0
贵州省,2023-04,2023-03-20,0.0,0.0,165.28,165.28,https://www.celma.org.cn/dfzfxjh/58547.jhtml,165.28,0.0,0.0,165.28,0.0,2.0,2023-04-18,True,True,165.28,20.0,True,0.0,1.0
辽宁省,2023-04,2023-05-15,0.0,400.0,150.19,550.19,https://www.celma.org.cn/dfzfxjh/57277.jhtml,550.2,0.0,400.0,150.2,0.0,4.0,2023-04-11,True,True,550.2,-23.0,False,0.01,1.0
重庆市,2023-04,2023-09-19,0.0,62.39,34.57,96.96,https://www.celma.org.cn/dfzfxjh/58641.jhtml,96.96,0.0,62.39,34.57,0.0,4.0,2023-04-21,True,True,96.96,-105.0,False,0.0,1.0
陕西省,2023-04,2024-05-11,0.0,45.74,194.89,240.63,https://www.celma.org.cn/dfzfxjh/60843.jhtml,240.64,0.0,45.74,194.9,0.0,7.0,2023-04-24,True,True,240.64,-261.0,False,0.01,1.0
青岛市,2023-04,2023-05-12,0.0,0.0,0.0,0.0,https://www.celma.org.cn/dfzfxjh/57224.jhtml,,,,,,,,True,False,,,False,,
黑龙江省,2023-04,2023-03-17,0.0,0.0,0.0,0.0,https://www.celma.org.cn/dfzfxjh/56811.jhtml,90.0,0.0,90.0,0.0,0.0,1.0,2023-04-18,True,True,90.0,21.0,True,90.0,
上海市,2023-05,2023-04-20,0.0,0.0,0.0,0.0,https://www.celma.org.cn/dfzfxjh/59104.jhtml,,,,,,,,True,False,,,True,,
云南省,2023-05,2023-05-08,0.0,0.0,334.21,334.21,https://www.celma.org.cn/dfzfxjh/57155.jhtml,334.21,0.0,0.0,334.21,0.0,2.0,2023-05-18,True,True,334.21,8.0,False,0.0,1.0
内蒙古自治区,2023-05,2023-12-04,161.0,0.0,139.36,300.36,https://www.celma.org.cn/dfzfxjh/59425.jhtml,300.36,161.0,0.0,139.36,0.0,2.0,2023-05-25,True,True,300.36,-132.0,False,0.0,1.0
北京市,2023-05,2023-07-14,0.0,0.0,0.0,0.0,https://www.celma.org.cn/dfzfxjh/58012.jhtml,,,,,,,,True,False,,,False,,
吉林省,2023-05,2023-04-19,11.47,19.28,0.0,30.75,https://www.celma.org.cn/dfzfxjh/57316.jhtml,30.75,11.47,19.28,0.0,0.0,4.0,2023-05-25,True,True,30.75,25.0,True,0.0,1.0
四川省,2023-05,2023-04-05,0.0,0.0,158.53,158.53,https://www.celma.org.cn/dfzfxjh/57849.jhtml,158.53,0.0,0.0,158.53,0.0,5.0,2023-05-25,True,True,158.53,35.0,True,0.0,1.0
天津市,2023-05,2023-10-18,0.0,7.3,382.24,389.54,https://www.celma.org.cn/dfzfxjh/58964.jhtml,389.54,0.0,7.3,382.24,0.0,8.0,2023-05-16,True,True,389.54,-106.0,False,0.0,1.0
宁夏回族自治区,2023-05,2023-04-14,14.0,0.79,26.93,41.72,https://www.celma.org.cn/dfzfxjh/57019.jhtml,39.33,12.4,0.0,26.93,0.0,3.0,2023-05-16,True,True,39.33,21.0,True,-2.39,0.94
宁波市,2023-05,2023-04-13,0.0,162.0,57.85,219.85,https://www.celma.org.cn/dfzfxjh/56999.jhtml,219.85,0.0,162.0,57.85,0.0,9.0,2023-05-22,True,True,219.85,26.0,True,-0.0,1.0
安徽省,2023-05,2023-05-18,0.0,264.85,198.35,463.2,https://www.celma.org.cn/dfzfxjh/57308.jhtml,463.2,0.0,264.85,198.35,0.0,13.0,2023-05-16,True,True,463.2,-2.0,False,-0.0,1.0
山东省,2023-05,,,,,,,615.16,0.0,430.42,184.74,0.0,6.0,2023-05-26,False,True,615.16,,,,
山西省,2023-05,2023-07-03,4.2,42.1,0.0,46.3,https://www.celma.org.cn/dfzfxjh/57892.jhtml,46.3,4.2,42.1,0.0,0.0,6.0,2023-05-31,True,True,46.3,-22.0,False,0.0,1.0
广东省,2023-05,2023-06-05,22.43,773.22,271.37,1067.02,https://www.celma.org.cn/dfzfxjh/57527.jhtml,1067.01,22.43,773.22,271.36,0.0,15.0,2023-05-17,True,True,1067.01,-13.0,False,-0.01,1.0
广西壮族自治区,2023-05,2023-04-18,0.0,278.78,321.76,600.54,https://www.celma.org.cn/dfzfxjh/57142.jhtml,321.76,0.0,0.0,321.76,0.0,4.0,2023-05-11,True,True,321.76,16.0,True,-278.78,0.54
新疆维吾尔自治区,2023-05,2023-05-22,0.0,50.0,33.2,83.2,https://www.celma.org.cn/dfzfxjh/57344.jhtml,83.2,0.0,50.0,33.2,0.0,2.0,2023-05-23,True,True,83.2,1.0,False,0.0,1.0
江苏省,2023-05,2023-05-19,0.0,0.0,557.8,557.8,https://www.celma.org.cn/dfzfxjh/57326.jhtml,557.8,0.0,0.0,557.8,0.0,3.0,2023-05-26,True,True,557.8,5.0,False,0.0,1.0
江西省,2023-05,2023-10-12,0.0,124.48,0.0,124.48,https://www.celma.org.cn/dfzfxjh/58879.jhtml,124.48,0.0,124.48,0.0,0.0,6.0,2023-05-25,True,True,124.48,-95.0,False,-0.0,1.0
河北省,2023-05,2023-04-25,0.0,296.07,259.27,555.34,https://www.celma.org.cn/dfzfxjh/57133.jhtml,409.27,0.0,150.0,259.27,0.0,3.0,2023-05-19,True,True,409.27,16.0,False,-146.07,0.74
河南省,2023-05,2023-05-23,25.04,0.0,168.19,193.22,https://www.celma.org.cn/dfzfxjh/58729.jhtml,193.23,25.04,0.0,168.19,0.0,3.0,2023-05-23,True,True,193.23,0.0,False,0.0,1.0
海南省,2023-05,2023-06-14,0.0,0.0,0.0,0.0,https://www.celma.org.cn/dfzfxjh/57598.jhtml,,,,,,,,True,False,,,False,,
深圳市,2023-05,2023-04-20,7.0,312.51,0.0,319.51,https://www.celma.org.cn/dfzfxjh/61306.jhtml,58.63,0.0,58.63,0.0,0.0,9.0,2023-05-11,True,True,58.63,14.0,True,-260.88,0.18
湖北省,2023-05,2023-04-19,0.0,142.88,219.21,362.09,https://www.celma.org.cn/dfzfxjh/63789.jhtml,362.08,0.0,142.88,219.2,0.0,20.0,2023-05-11,True,True,362.08,15.0,True,-0.01,1.0
湖南省,2023-05,2023-12-07,0.0,27.76,246.33,274.09,https://www.celma.org.cn/dfzfxjh/59500.jhtml,274.09,0.0,27.76,246.33,0.0,12.0,2023-05-12,True,True,274.09,-144.0,False,0.0,1.0
甘肃省,2023-05,2023-04-23,0.0,115.13,0.0,115.13,https://www.celma.org.cn/dfzfxjh/57113.jhtml,115.13,0.0,115.13,0.0,0.0,8.0,2023-05-18,True,True,115.13,17.0,False,0.0,1.0
贵州省,2023-05,2023-04-11,0.0,0.0,178.0,178.0,https://www.celma.org.cn/dfzfxjh/58548.jhtml,178.0,0.0,0.0,178.0,0.0,2.0,2023-05-23,True,True,178.0,29.0,True,0.0,1.0
辽宁省,2023-05,2023-06-01,0.0,0.0,199.59,199.59,https://www.celma.org.cn/dfzfxjh/57450.jhtml,199.59,0.0,0.0,199.59,0.0,3.0,2023-05-11,True,True,199.59,-15.0,False,0.0,1.0
重庆市,2023-05,2023-09-19,0.0,110.74,158.7,269.44,https://www.celma.org.cn/dfzfxjh/58642.jhtml,269.44,0.0,110.74,158.7,0.0,6.0,2023-05-26,True,True,269.44,-81.0,False,0.0,1.0
陕西省,2023-05,2024-05-11,27.95,275.78,180.95,484.68,https://www.celma.org.cn/dfzfxjh/60844.jhtml,484.68,27.95,275.78,180.95,0.0,8.0,2023-05-31,True,True,484.68,-236.0,False,0.0,1.0
青岛市,2023-05,2024-05-16,0.0,0.0,66.61,66.61,https://www.celma.org.cn/dfzfxjh/60947.jhtml,66.61,0.0,0.0,66.61,0.0,4.0,2023-05-17,True,True,66.61,-250.0,False,0.0,1.0
黑龙江省,2023-05,2023-04-20,0.0,0.0,191.31,191.31,https://www.celma.org.cn/dfzfxjh/57073.jhtml,191.31,0.0,0.0,191.31,0.0,2.0,2023-05-16,True,True,191.31,17.0,True,0.0,1.0
上海市,2023-06,2023-05-19,0.0,0.0,0.0,0.0,https://www.celma.org.cn/dfzfxjh/59105.jhtml,,,,,,,,True,False,,,True,,
内蒙古自治区,2023-06,2023-12-04,0.0,0.0,358.78,358.78,https://www.celma.org.cn/dfzfxjh/59426.jhtml,358.78,0.0,0.0,358.78,0.0,4.0,2023-06-12,True,True,358.78,-120.0,False,0.0,1.0
北京市,2023-06,2023-07-14,131.94,553.2,84.68,769.82,https://www.celma.org.cn/dfzfxjh/58013.jhtml,769.82,131.94,553.2,84.68,0.0,15.0,2023-06-20,True,True,769.82,-17.0,False,-0.0,1.0
吉林省,2023-06,2023-05-19,15.86,29.99,180.25,226.1,https://www.celma.org.cn/dfzfxjh/57648.jhtml,226.1,15.86,29.99,180.25,0.0,6.0,2023-06-08,True,True,226.1,14.0,True,0.0,1.0
四川省,2023-06,2023-05-04,0.0,0.0,216.13,216.13,https://www.celma.org.cn/dfzfxjh/57850.jhtml,216.13,0.0,0.0,216.13,0.0,2.0,2023-06-27,True,True,216.13,38.0,True,0.0,1.0
大连市,2023-06,2024-06-17,5.0,58.26,19.77,83.03,https://www.celma.org.cn/dfzfxjh/61349.jhtml,83.03,5.0,58.26,19.77,0.0,6.0,2023-06-08,True,True,83.03,-255.0,False,0.0,1.0
天津市,2023-06,2023-10-18,18.0,19.0,0.0,37.0,https://www.celma.org.cn/dfzfxjh/58965.jhtml,37.0,18.0,19.0,0.0,0.0,9.0,2023-06-21,True,True,37.0,-80.0,False,0.0,1.0
宁夏回族自治区,2023-06,2023-05-18,0.0,0.0,22.76,22.76,https://www.celma.org.cn/dfzfxjh/57304.jhtml,22.76,0.0,0.0,22.76,0.0,1.0,2023-06-13,True,True,22.76,18.0,True,0.0,1.0
安徽省,2023-06,2023-06-12,0.0,100.81,356.36,457.17,https://www.celma.org.cn/dfzfxjh/57567.jhtml,457.18,0.0,100.81,356.37,0.0,14.0,2023-06-14,True,True,457.18,2.0,False,0.01,1.0
山东省,2023-06,2023-05-18,,,,,https://www.celma.org.cn/dfzfxjh/57315.jhtml,342.19,80.0,116.93,145.26,0.0,7.0,2023-06-13,True,True,342.19,18.0,True,,
山西省,2023-06,2023-07-03,0.0,12.35,86.74,99.09,https://www.celma.org.cn/dfzfxjh/57893.jhtml,128.88,29.78,12.36,86.74,0.0,9.0,2023-06-30,True,True,128.88,-1.0,False,29.79,1.3
广东省,2023-06,2023-06-05,0.0,0.0,0.0,0.0,https://www.celma.org.cn/dfzfxjh/57528.jhtml,,,,,,,,True,False,,,False,,
广西壮族自治区,2023-06,2023-05-05,0.0,278.78,0.0,278.78,https://www.celma.org.cn/dfzfxjh/60881.jhtml,278.78,0.0,278.78,0.0,0.0,3.0,2023-06-15,True,True,278.78,30.0,True,0.0,1.0
新疆维吾尔自治区,2023-06,2023-06-25,65.3,314.5,0.0,379.8,https://www.celma.org.cn/dfzfxjh/57706.jhtml,379.8,65.3,314.5,0.0,0.0,7.0,2023-06-19,True,True,379.8,-3.0,False,0.0,1.0
江苏省,2023-06,2023-06-16,0.0,314.22,0.0,314.22,https://www.celma.org.cn/dfzfxjh/57619.jhtml,314.22,0.0,314.22,0.0,0.0,6.0,2023-06-26,True,True,314.22,5.0,False,0.0,1.0
江西省,2023-06,2023-10-12,47.35,179.1,167.35,393.8,https://www.celma.org.cn/dfzfxjh/58880.jhtml,393.79,47.35,179.09,167.35,0.0,11.0,2023-06-26,True,True,393.79,-74.0,False,-0.01,1.0
河北省,2023-06,2023-05-19,100.0,296.0,172.88,568.88,https://www.celma.org.cn/dfzfxjh/57320.jhtml,409.12,86.26,149.98,172.88,0.0,11.0,2023-06-19,True,True,409.12,21.0,True,-159.76,0.72
河南省,2023-06,2023-06-05,24.57,133.66,258.86,417.09,https://www.celma.org.cn/dfzfxjh/58730.jhtml,417.09,24.57,133.66,258.86,0.0,12.0,2023-06-05,True,True,417.09,0.0,False,0.0,1.0
浙江省,2023-06,2023-05-20,0.0,471.73,149.3,621.03,https://www.celma.org.cn/dfzfxjh/57815.jhtml,621.03,0.0,471.73,149.3,0.0,10.0,2023-06-30,True,True,621.03,29.0,True,0.0,1.0
海南省,2023-06,2023-06-27,25.31,97.32,29.64,152.27,https://www.celma.org.cn/dfzfxjh/57800.jhtml,152.27,25.31,97.32,29.64,0.0,8.0,2023-06-05,True,True,152.27,-15.0,False,0.0,1.0
深圳市,2023-06,2023-05-20,0.0,0.0,0.0,0.0,https://www.celma.org.cn/dfzfxjh/61307.jhtml,45.89,0.0,45.89,0.0,0.0,8.0,2023-06-12,True,True,45.89,16.0,True,45.89,
湖北省,2023-06,2023-05-19,0.0,277.86,71.55,349.41,https://www.celma.org.cn/dfzfxjh/63790.jhtml,349.4,0.0,277.86,71.54,0.0,20.0,2023-06-19,True,True,349.4,21.0,True,-0.01,1.0
湖南省,2023-06,2023-12-07,129.0,144.29,481.32,754.61,https://www.celma.org.cn/dfzfxjh/59493.jhtml,754.6,129.0,144.28,481.32,0.0,21.0,2023-06-09,True,True,754.6,-124.0,False,-0.01,1.0
甘肃省,2023-06,2023-11-06,0.0,0.0,0.0,0.0,https://www.celma.org.cn/dfzfxjh/59194.jhtml,,,,,,,,True,False,,,False,,
福建省,2023-06,2023-06-16,32.49,529.0,105.23,666.72,https://www.celma.org.cn/dfzfxjh/57611.jhtml,666.71,32.49,528.99,105.23,0.0,8.0,2023-06-06,True,True,666.71,-8.0,False,-0.01,1.0
贵州省,2023-06,2023-05-08,0.0,0.0,291.74,291.74,https://www.celma.org.cn/dfzfxjh/58549.jhtml,291.74,0.0,0.0,291.74,0.0,2.0,2023-06-16,True,True,291.74,29.0,True,0.0,1.0
辽宁省,2023-06,2023-06-30,7.5,31.0,102.03,140.53,https://www.celma.org.cn/dfzfxjh/57858.jhtml,140.53,7.5,31.0,102.03,0.0,6.0,2023-06-09,True,True,140.53,-14.0,False,0.0,1.0
重庆市,2023-06,2023-09-19,62.02,142.17,0.0,204.19,https://www.celma.org.cn/dfzfxjh/58643.jhtml,204.19,62.02,142.17,0.0,0.0,5.0,2023-06-19,True,True,204.19,-65.0,False,0.0,1.0
陕西省,2023-06,2024-05-11,0.0,0.0,0.0,0.0,https://www.celma.org.cn/dfzfxjh/60845.jhtml,,,,,,,,True,False,,,False,,
青岛市,2023-06,2024-05-16,16.0,0.0,62.03,78.03,https://www.celma.org.cn/dfzfxjh/60948.jhtml,78.03,16.0,0.0,62.03,0.0,3.0,2023-06-15,True,True,78.03,-229.0,False,0.0,1.0
青海省,2023-06,2024-06-14,0.0,38.0,125.22,163.22,https://www.celma.org.cn/dfzfxjh/61325.jhtml,163.22,0.0,38.0,125.22,0.0,11.0,2023-06-20,True,True,163.22,-246.0,False,0.0,1.0
黑龙江省,2023-06,2023-05-19,190.63,129.48,242.13,562.24,https://www.celma.org.cn/dfzfxjh/57323.jhtml,,,,,,,,True,False,,,True,,
上海市,2023-07,2023-06-20,0.0,0.0,0.0,0.0,https://www.celma.org.cn/dfzfxjh/59108.jhtml,,,,,,,,True,False,,,True,,
云南省,2023-07,2023-06-21,0.0,0.0,109.63,109.63,https://www.celma.org.cn/dfzfxjh/57691.jhtml,409.66,0.0,31.0,378.66,0.0,7.0,2023-07-05,True,True,409.66,9.0,False,300.03,3.74
内蒙古自治区,2023-07,2023-12-04,0.0,185.54,0.0,185.54,https://www.celma.org.cn/dfzfxjh/59427.jhtml,185.54,0.0,185.54,0.0,0.0,7.0,2023-07-26,True,True,185.54,-89.0,False,0.0,1.0
北京市,2023-07,2023-07-14,0.0,0.0,183.7,183.7,https://www.celma.org.cn/dfzfxjh/58014.jhtml,183.7,0.0,0.0,183.7,0.0,6.0,2023-07-20,True,True,183.7,4.0,False,0.0,1.0
吉林省,2023-07,2023-06-19,34.22,188.01,0.0,222.23,https://www.celma.org.cn/dfzfxjh/60770.jhtml,222.23,34.22,188.01,0.0,0.0,14.0,2023-07-20,True,True,222.23,22.0,True,0.0,1.0
四川省,2023-07,2023-06-08,147.88,390.83,315.2,853.91,https://www.celma.org.cn/dfzfxjh/58582.jhtml,853.91,147.87,390.83,315.21,0.0,13.0,2023-07-07,True,True,853.91,20.0,True,0.0,1.0
大连市,2023-07,2024-06-17,0.0,0.0,145.09,145.09,https://www.celma.org.cn/dfzfxjh/61350.jhtml,145.09,0.0,0.0,145.09,0.0,2.0,2023-07-13,True,True,145.09,-231.0,False,0.0,1.0
天津市,2023-07,2023-10-18,1.65,8.8,425.33,435.78,https://www.celma.org.cn/dfzfxjh/58966.jhtml,435.78,1.65,8.8,425.33,0.0,7.0,2023-07-26,True,True,435.78,-56.0,False,0.0,1.0
宁夏回族自治区,2023-07,2023-06-14,0.0,0.0,72.18,72.18,https://www.celma.org.cn/dfzfxjh/57601.jhtml,70.62,0.0,0.0,70.62,0.0,2.0,2023-07-04,True,True,70.62,13.0,True,-1.56,0.98
宁波市,2023-07,2023-06-20,2.0,86.0,90.28,178.28,https://www.celma.org.cn/dfzfxjh/57647.jhtml,90.28,0.0,0.0,90.28,0.0,2.0,2023-07-26,True,True,90.28,25.0,True,-88.0,0.51
安徽省,2023-07,2023-07-14,0.0,379.77,166.42,546.19,https://www.celma.org.cn/dfzfxjh/57994.jhtml,546.18,0.0,379.77,166.41,0.0,18.0,2023-07-05,True,True,546.18,-7.0,False,-0.01,1.0
山东省,2023-07,2023-06-19,,,,,https://www.celma.org.cn/dfzfxjh/57630.jhtml,174.31,0.0,21.96,152.35,0.0,4.0,2023-07-26,True,True,174.31,26.0,True,,
山西省,2023-07,2024-05-10,0.0,0.0,0.0,0.0,https://www.celma.org.cn/dfzfxjh/60825.jhtml,,,,,,,,True,False,,,False,,
广东省,2023-07,2023-09-19,0.0,0.0,209.98,209.98,https://www.celma.org.cn/dfzfxjh/58669.jhtml,209.98,0.0,0.0,209.98,0.0,3.0,2023-07-05,True,True,209.98,-54.0,False,0.0,1.0
广西壮族自治区,2023-07,2023-06-16,0.0,0.0,366.66,366.66,https://www.celma.org.cn/dfzfxjh/57794.jhtml,366.66,0.0,0.0,366.66,0.0,3.0,2023-07-13,True,True,366.66,18.0,True,-0.0,1.0
新疆生产建设兵团,2023-07,2023-07-18,33.0,0.0,0.0,33.0,https://www.celma.org.cn/dfzfxjh/58058.jhtml,33.0,33.0,0.0,0.0,0.0,2.0,2023-07-18,True,True,33.0,0.0,False,0.0,1.0
新疆维吾尔自治区,2023-07,2023-07-24,67.2,59.7,115.0,241.9,https://www.celma.org.cn/dfzfxjh/58115.jhtml,241.9,67.2,59.7,115.0,0.0,7.0,2023-07-27,True,True,241.9,3.0,False,0.0,1.0
江西省,2023-07,2023-10-12,31.72,66.75,0.0,98.47,https://www.celma.org.cn/dfzfxjh/58881.jhtml,98.46,31.72,66.74,0.0,0.0,8.0,2023-07-25,True,True,98.46,-53.0,False,-0.01,1.0
河北省,2023-07,2023-06-20,174.0,300.0,125.6,599.6,https://www.celma.org.cn/dfzfxjh/57646.jhtml,171.17,0.0,0.0,171.17,0.0,2.0,2023-07-18,True,True,171.17,19.0,True,-428.43,0.29
河南省,2023-07,2023-06-20,0.0,0.0,0.0,0.0,https://www.celma.org.cn/dfzfxjh/60778.jhtml,,,,,,,,True,False,,,True,,
海南省,2023-07,2024-04-29,4.8,30.82,0.0,35.62,https://www.celma.org.cn/dfzfxjh/60734.jhtml,35.62,4.8,30.82,0.0,0.0,5.0,2023-07-26,True,True,35.62,-190.0,False,0.0,1.0
深圳市,2023-07,2023-06-20,0.0,155.0,0.0,155.0,https://www.celma.org.cn/dfzfxjh/61308.jhtml,,,,,,,,True,False,,,True,,
湖北省,2023-07,2023-06-19,0.0,0.0,0.0,0.0,https://www.celma.org.cn/dfzfxjh/63791.jhtml,,,,,,,,True,False,,,True,,
湖南省,2023-07,2023-12-07,0.0,129.08,0.0,129.08,https://www.celma.org.cn/dfzfxjh/59494.jhtml,129.09,0.0,129.09,0.0,0.0,16.0,2023-07-18,True,True,129.09,-98.0,False,0.01,1.0
甘肃省,2023-07,2023-09-06,0.0,0.0,139.0,139.0,https://www.celma.org.cn/dfzfxjh/58435.jhtml,139.56,0.0,0.0,139.56,0.0,3.0,2023-07-19,True,True,139.56,-35.0,False,0.56,1.0
福建省,2023-07,2023-07-14,0.0,0.0,86.99,86.99,https://www.celma.org.cn/dfzfxjh/57993.jhtml,86.99,0.0,0.0,86.99,0.0,2.0,2023-07-11,True,True,86.99,-3.0,False,0.0,1.0
西藏自治区,2023-07,2023-07-26,30.0,5.31,0.0,35.31,https://www.celma.org.cn/dfzfxjh/58147.jhtml,35.31,30.0,5.31,0.0,0.0,9.0,2023-07-26,True,True,35.31,0.0,False,0.0,1.0
贵州省,2023-07,2023-06-21,,,,,https://www.celma.org.cn/dfzfxjh/58461.jhtml,153.41,0.0,0.0,153.41,0.0,2.0,2023-07-13,True,True,153.41,15.0,False,,
辽宁省,2023-07,2023-08-11,0.0,40.1,147.16,187.26,https://www.celma.org.cn/dfzfxjh/58237.jhtml,187.26,0.0,40.1,147.16,0.0,7.0,2023-07-06,True,True,187.26,-26.0,False,0.0,1.0
重庆市,2023-07,2023-09-19,27.43,120.78,0.0,148.21,https://www.celma.org.cn/dfzfxjh/58644.jhtml,148.21,27.43,120.78,0.0,0.0,6.0,2023-07-20,True,True,148.21,-43.0,False,0.0,1.0
陕西省,2023-07,2024-05-11,12.7,61.78,278.15,352.63,https://www.celma.org.cn/dfzfxjh/60846.jhtml,352.63,12.7,61.78,278.15,0.0,10.0,2023-07-24,True,True,352.63,-199.0,False,0.0,1.0
青岛市,2023-07,2024-05-16,0.0,89.14,0.0,89.14,https://www.celma.org.cn/dfzfxjh/60949.jhtml,89.14,0.0,89.14,0.0,0.0,9.0,2023-07-27,True,True,89.14,-200.0,False,0.0,1.0
黑龙江省,2023-07,2023-06-19,190.63,153.53,242.13,586.29,https://www.celma.org.cn/dfzfxjh/57629.jhtml,395.65,0.0,153.52,242.13,0.0,10.0,2023-07-06,True,True,395.65,12.0,True,-190.64,0.67
上海市,2023-08,2023-08-01,80.0,57.09,502.6,639.69,https://www.celma.org.cn/dfzfxjh/59109.jhtml,639.69,80.0,57.09,502.6,0.0,15.0,2023-08-21,True,True,639.69,14.0,False,-0.0,1.0
云南省,2023-08,2023-08-02,75.88,506.0,0.0,581.88,https://www.celma.org.cn/dfzfxjh/58183.jhtml,581.88,75.88,506.0,0.0,0.0,8.0,2023-08-07,True,True,581.88,3.0,False,-0.0,1.0
内蒙古自治区,2023-08,2023-12-04,50.9,0.0,45.36,96.26,https://www.celma.org.cn/dfzfxjh/59428.jhtml,96.26,50.9,0.0,45.36,0.0,3.0,2023-08-17,True,True,96.26,-73.0,False,-0.0,1.0
北京市,2023-08,2023-09-11,0.0,0.0,47.11,47.11,https://www.celma.org.cn/dfzfxjh/58492.jhtml,47.11,0.0,0.0,47.11,0.0,3.0,2023-08-16,True,True,47.11,-18.0,False,0.0,1.0
厦门市,2023-08,2023-08-25,5.0,131.3,34.69,170.99,https://www.celma.org.cn/dfzfxjh/58347.jhtml,170.99,5.0,131.3,34.69,0.0,17.0,2023-08-16,True,True,170.99,-7.0,False,-0.0,1.0
吉林省,2023-08,2023-07-19,37.28,81.23,143.19,261.7,https://www.celma.org.cn/dfzfxjh/60771.jhtml,261.7,37.28,81.23,143.19,0.0,13.0,2023-08-01,True,True,261.7,9.0,True,0.0,1.0
四川省,2023-08,2023-07-06,0.5,460.17,237.39,698.06,https://www.celma.org.cn/dfzfxjh/58583.jhtml,698.07,0.5,460.18,237.39,0.0,18.0,2023-08-15,True,True,698.07,28.0,True,0.01,1.0
大连市,2023-08,2023-09-20,0.0,27.31,22.0,49.31,https://www.celma.org.cn/dfzfxjh/58685.jhtml,49.31,0.0,27.31,22.0,0.0,4.0,2023-08-30,True,True,49.31,-15.0,False,0.0,1.0
天津市,2023-08,2023-10-18,40.2,9.2,0.0,49.4,https://www.celma.org.cn/dfzfxjh/58967.jhtml,49.4,40.2,9.2,0.0,0.0,10.0,2023-08-25,True,True,49.4,-34.0,False,0.0,1.0
宁夏回族自治区,2023-08,2023-07-14,19.67,12.06,0.0,31.73,https://www.celma.org.cn/dfzfxjh/57987.jhtml,30.33,18.77,11.56,0.0,0.0,6.0,2023-08-23,True,True,30.33,28.0,True,-1.4,0.96
宁波市,2023-08,2023-07-18,2.0,86.0,0.0,88.0,https://www.celma.org.cn/dfzfxjh/58030.jhtml,,,,,,,,True,False,,,True,,
安徽省,2023-08,2023-08-22,15.71,124.92,210.57,351.2,https://www.celma.org.cn/dfzfxjh/58302.jhtml,351.2,15.71,124.92,210.57,0.0,12.0,2023-08-15,True,True,351.2,-5.0,False,-0.0,1.0
山东省,2023-08,2023-07-20,30.0,528.0,802.0,1360.0,https://www.celma.org.cn/dfzfxjh/58097.jhtml,1209.08,0.0,430.95,778.13,0.0,15.0,2023-08-08,True,True,1209.08,13.0,True,-150.92,0.89
山西省,2023-08,2023-08-03,16.68,25.65,0.0,42.33,https://www.celma.org.cn/dfzfxjh/58188.jhtml,42.33,16.68,25.65,0.0,0.0,4.0,2023-08-02,True,True,42.33,-1.0,False,0.0,1.0
广东省,2023-08,2023-09-19,115.66,1.0,585.92,702.58,https://www.celma.org.cn/dfzfxjh/58670.jhtml,2153.6,115.66,1452.01,585.93,0.0,33.0,2023-08-02,True,True,2153.6,-34.0,False,1451.02,3.07
广西壮族自治区,2023-08,2023-07-14,81.0,80.0,269.81,430.81,https://www.celma.org.cn/dfzfxjh/58020.jhtml,525.15,80.34,175.0,269.81,0.0,9.0,2023-08-22,True,True,525.15,27.0,True,94.34,1.22
新疆生产建设兵团,2023-08,2023-08-29,0.0,34.0,0.0,34.0,https://www.celma.org.cn/dfzfxjh/58382.jhtml,34.0,0.0,34.0,0.0,0.0,3.0,2023-08-29,True,True,34.0,0.0,False,0.0,1.0
新疆维吾尔自治区,2023-08,2023-08-23,0.0,97.6,41.75,139.35,https://www.celma.org.cn/dfzfxjh/58309.jhtml,139.35,0.0,97.6,41.75,0.0,6.0,2023-08-29,True,True,139.35,4.0,False,0.0,1.0
江苏省,2023-08,2023-08-16,0.0,0.0,817.12,817.12,https://www.celma.org.cn/dfzfxjh/58260.jhtml,817.12,0.0,0.0,817.12,0.0,4.0,2023-08-22,True,True,817.12,4.0,False,0.0,1.0
江西省,2023-08,2023-10-12,0.0,191.38,0.0,191.38,https://www.celma.org.cn/dfzfxjh/58882.jhtml,191.38,0.0,191.38,0.0,0.0,8.0,2023-08-25,True,True,191.38,-30.0,False,0.0,1.0
河北省,2023-08,2023-07-20,87.0,792.09,168.51,1047.6,https://www.celma.org.cn/dfzfxjh/58093.jhtml,1060.94,87.74,635.17,338.03,0.0,19.0,2023-08-10,True,True,1060.94,15.0,True,13.34,1.01
河南省,2023-08,2023-08-02,184.83,530.31,331.93,1047.08,https://www.celma.org.cn/dfzfxjh/58731.jhtml,1047.08,184.83,530.32,331.93,0.0,14.0,2023-08-02,True,True,1047.08,0.0,False,0.0,1.0
浙江省,2023-08,2023-07-20,59.0,425.48,187.84,672.32,https://www.celma.org.cn/dfzfxjh/58171.jhtml,672.32,59.0,425.48,187.84,0.0,11.0,2023-08-04,True,True,672.32,11.0,True,0.0,1.0
海南省,2023-08,2024-04-29,2.1,3.51,48.88,54.49,https://www.celma.org.cn/dfzfxjh/60735.jhtml,54.49,2.1,3.51,48.88,0.0,3.0,2023-08-17,True,True,54.49,-174.0,False,0.0,1.0
深圳市,2023-08,2023-07-20,0.0,0.0,0.0,0.0,https://www.celma.org.cn/dfzfxjh/61309.jhtml,98.2,0.0,98.2,0.0,0.0,16.0,2023-08-01,True,True,98.2,8.0,True,98.2,
湖北省,2023-08,2023-07-19,0.0,72.37,23.42,95.79,https://www.celma.org.cn/dfzfxjh/63792.jhtml,95.79,0.0,72.37,23.42,0.0,7.0,2023-08-23,True,True,95.79,25.0,True,0.0,1.0
湖南省,2023-08,2023-12-07,0.0,62.69,405.98,468.67,https://www.celma.org.cn/dfzfxjh/59495.jhtml,468.68,0.0,62.7,405.98,0.0,17.0,2023-08-08,True,True,468.68,-83.0,False,0.01,1.0
甘肃省,2023-08,2023-09-06,68.0,78.0,39.0,185.0,https://www.celma.org.cn/dfzfxjh/58436.jhtml,108.43,68.78,0.0,39.65,0.0,3.0,2023-08-29,True,True,108.43,-6.0,False,-76.57,0.59
福建省,2023-08,2023-08-16,0.0,0.0,120.73,120.73,https://www.celma.org.cn/dfzfxjh/58266.jhtml,120.73,0.0,0.0,120.73,0.0,2.0,2023-08-10,True,True,120.73,-4.0,False,0.0,1.0
贵州省,2023-08,2023-07-20,47.74,225.5,151.03,424.27,https://www.celma.org.cn/dfzfxjh/59713.jhtml,424.26,47.74,225.49,151.03,0.0,10.0,2023-08-15,True,True,424.26,18.0,True,-0.01,1.0
辽宁省,2023-08,2023-09-11,19.6,45.5,0.0,65.1,https://www.celma.org.cn/dfzfxjh/58519.jhtml,65.1,19.6,45.5,0.0,0.0,5.0,2023-08-17,True,True,65.1,-17.0,False,0.0,1.0
重庆市,2023-08,2023-09-19,0.0,24.46,328.09,352.55,https://www.celma.org.cn/dfzfxjh/58645.jhtml,352.55,0.0,24.46,328.09,0.0,7.0,2023-08-17,True,True,352.55,-23.0,False,0.0,1.0
陕西省,2023-08,2024-05-11,108.52,27.21,91.93,227.66,https://www.celma.org.cn/dfzfxjh/60847.jhtml,227.66,108.52,27.21,91.93,0.0,10.0,2023-08-29,True,True,227.66,-173.0,False,0.0,1.0
青岛市,2023-08,2024-05-16,0.0,0.0,31.75,31.75,https://www.celma.org.cn/dfzfxjh/60950.jhtml,31.75,0.0,0.0,31.75,0.0,3.0,2023-08-22,True,True,31.75,-182.0,False,0.0,1.0
黑龙江省,2023-08,2023-07-20,190.63,0.0,181.68,372.31,https://www.celma.org.cn/dfzfxjh/58082.jhtml,193.47,11.8,0.0,181.67,0.0,3.0,2023-08-08,True,True,193.47,13.0,True,-178.84,0.52
上海市,2023-09,2023-08-22,0.0,18.91,0.0,18.91,https://www.celma.org.cn/dfzfxjh/59110.jhtml,18.91,0.0,18.91,0.0,0.0,4.0,2023-09-18,True,True,18.91,19.0,False,0.0,1.0
云南省,2023-09,2023-09-20,0.0,0.0,211.89,211.89,https://www.celma.org.cn/dfzfxjh/58701.jhtml,211.9,0.0,0.0,211.9,0.0,3.0,2023-09-27,True,True,211.9,5.0,False,0.01,1.0
内蒙古自治区,2023-09,2023-12-04,45.17,0.0,61.15,106.32,https://www.celma.org.cn/dfzfxjh/59429.jhtml,106.32,45.17,0.0,61.15,0.0,3.0,2023-09-07,True,True,106.32,-58.0,False,0.0,1.0
北京市,2023-09,2023-09-11,0.0,0.0,0.0,0.0,https://www.celma.org.cn/dfzfxjh/58493.jhtml,,,,,,,,True,False,,,False,,
吉林省,2023-09,2023-08-19,51.93,115.03,0.0,166.96,https://www.celma.org.cn/dfzfxjh/58804.jhtml,166.96,51.93,115.03,0.0,0.0,5.0,2023-09-25,True,True,166.96,26.0,True,0.0,1.0
四川省,2023-09,2023-08-18,0.0,0.0,0.0,0.0,https://www.celma.org.cn/dfzfxjh/58824.jhtml,,,,,,,,True,False,,,True,,
天津市,2023-09,2023-10-18,100.83,39.5,69.41,209.74,https://www.celma.org.cn/dfzfxjh/58968.jhtml,209.74,100.83,39.5,69.41,0.0,9.0,2023-09-08,True,True,209.74,-24.0,False,-0.0,1.0
宁夏回族自治区,2023-09,2023-08-10,5.9,16.73,36.18,58.81,https://www.celma.org.cn/dfzfxjh/58227.jhtml,36.18,0.0,0.0,36.18,0.0,2.0,2023-09-27,True,True,36.18,34.0,True,-22.63,0.62
宁波市,2023-09,2023-08-18,2.0,86.0,57.37,145.37,https://www.celma.org.cn/dfzfxjh/58291.jhtml,145.37,2.0,86.0,57.37,0.0,10.0,2023-09-07,True,True,145.37,14.0,True,0.0,1.0
安徽省,2023-09,2023-09-19,0.0,311.54,796.92,1108.46,https://www.celma.org.cn/dfzfxjh/58647.jhtml,1108.44,0.0,311.54,796.9,0.0,22.0,2023-09-12,True,True,1108.44,-5.0,False,-0.02,1.0
山东省,2023-09,2023-08-18,,,,,https://www.celma.org.cn/dfzfxjh/58293.jhtml,547.55,25.72,368.57,153.26,0.0,14.0,2023-09-11,True,True,547.55,16.0,True,,
山西省,2023-09,2023-09-11,24.11,72.04,65.56,161.71,https://www.celma.org.cn/dfzfxjh/58487.jhtml,279.49,24.11,189.82,65.56,0.0,18.0,2023-09-08,True,True,279.49,-1.0,False,117.78,1.73
广东省,2023-09,2023-09-19,0.0,0.0,0.0,0.0,https://www.celma.org.cn/dfzfxjh/58671.jhtml,,,,,,,,True,False,,,False,,
广西壮族自治区,2023-09,2023-08-03,0.0,0.0,0.0,0.0,https://www.celma.org.cn/dfzfxjh/60882.jhtml,,,,,,,,True,False,,,True,,
新疆生产建设兵团,2023-09,2023-09-25,0.0,14.0,0.0,14.0,https://www.celma.org.cn/dfzfxjh/58755.jhtml,14.0,0.0,14.0,0.0,0.0,3.0,2023-09-25,True,True,14.0,0.0,False,0.0,1.0
新疆维吾尔自治区,2023-09,2023-09-20,6.82,52.0,25.95,84.77,https://www.celma.org.cn/dfzfxjh/58706.jhtml,84.77,6.82,52.0,25.95,0.0,7.0,2023-09-25,True,True,84.77,3.0,False,0.0,1.0
江苏省,2023-09,2023-09-19,62.0,288.7,0.0,350.7,https://www.celma.org.cn/dfzfxjh/58660.jhtml,350.7,62.0,288.7,0.0,0.0,6.0,2023-09-15,True,True,350.7,-2.0,False,0.0,1.0
江西省,2023-09,2023-09-21,0.0,341.76,443.19,784.95,https://www.celma.org.cn/dfzfxjh/58715.jhtml,784.92,0.0,341.74,443.18,0.0,14.0,2023-09-12,True,True,784.92,-7.0,False,-0.03,1.0
河北省,2023-09,2023-08-23,0.0,156.0,0.0,156.0,https://www.celma.org.cn/dfzfxjh/58315.jhtml,95.0,0.0,95.0,0.0,0.0,1.0,2023-09-26,True,True,95.0,24.0,False,-61.0,0.61
河南省,2023-09,2023-09-18,0.0,0.0,328.04,328.04,https://www.celma.org.cn/dfzfxjh/58732.jhtml,328.04,0.0,0.0,328.04,0.0,5.0,2023-09-18,True,True,328.04,0.0,False,-0.0,1.0
浙江省,2023-09,2023-08-20,0.0,670.55,216.03,886.58,https://www.celma.org.cn/dfzfxjh/58627.jhtml,886.58,0.0,670.55,216.03,0.0,15.0,2023-09-07,True,True,886.58,14.0,True,0.0,1.0
海南省,2023-09,2024-04-29,9.53,170.67,85.18,265.38,https://www.celma.org.cn/dfzfxjh/60736.jhtml,265.39,9.53,170.68,85.18,0.0,12.0,2023-09-12,True,True,265.39,-156.0,False,0.01,1.0
深圳市,2023-09,2023-08-20,9.0,186.0,0.0,195.0,https://www.celma.org.cn/dfzfxjh/61310.jhtml,251.89,9.0,242.89,0.0,0.0,19.0,2023-09-05,True,True,251.89,12.0,True,56.89,1.29
湖北省,2023-09,2023-08-19,139.03,191.98,18.0,349.01,https://www.celma.org.cn/dfzfxjh/63793.jhtml,349.01,139.03,191.98,18.0,0.0,14.0,2023-09-05,True,True,349.01,12.0,True,0.0,1.0
湖南省,2023-09,2023-12-07,0.0,108.11,235.18,343.29,https://www.celma.org.cn/dfzfxjh/59501.jhtml,343.29,0.0,108.11,235.18,0.0,7.0,2023-09-07,True,True,343.29,-61.0,False,0.0,1.0
甘肃省,2023-09,2023-09-07,34.0,150.0,72.93,256.93,https://www.celma.org.cn/dfzfxjh/58454.jhtml,73.67,0.0,0.0,73.67,0.0,2.0,2023-09-13,True,True,73.67,4.0,False,-183.26,0.29
福建省,2023-09,2023-09-11,0.0,0.0,327.84,327.84,https://www.celma.org.cn/dfzfxjh/58486.jhtml,327.84,0.0,0.0,327.84,0.0,4.0,2023-09-14,True,True,327.84,3.0,False,0.0,1.0
辽宁省,2023-09,2023-10-16,10.5,0.0,60.0,70.5,https://www.celma.org.cn/dfzfxjh/58917.jhtml,70.5,10.5,0.0,60.0,0.0,2.0,2023-09-14,True,True,70.5,-18.0,False,0.0,1.0
重庆市,2023-09,2023-10-18,23.75,198.25,168.0,390.0,https://www.celma.org.cn/dfzfxjh/58951.jhtml,390.0,23.75,198.25,168.0,0.0,15.0,2023-09-08,True,True,390.0,-24.0,False,0.0,1.0
陕西省,2023-09,2024-05-11,28.81,66.21,0.0,95.02,https://www.celma.org.cn/dfzfxjh/60848.jhtml,95.02,28.81,66.21,0.0,0.0,7.0,2023-09-28,True,True,95.02,-151.0,False,0.0,1.0
青岛市,2023-09,2024-05-16,0.0,90.86,15.0,105.86,https://www.celma.org.cn/dfzfxjh/60951.jhtml,105.86,0.0,90.86,15.0,0.0,11.0,2023-09-19,True,True,105.86,-162.0,False,0.0,1.0
青海省,2023-09,2023-09-12,90.0,0.0,63.71,153.71,https://www.celma.org.cn/dfzfxjh/58543.jhtml,153.71,90.0,0.0,63.71,0.0,4.0,2023-09-21,True,True,153.71,7.0,False,0.0,1.0
黑龙江省,2023-09,2023-08-16,0.0,0.0,0.0,0.0,https://www.celma.org.cn/dfzfxjh/58259.jhtml,,,,,,,,True,False,,,True,,
上海市,2023-10,2023-09-20,0.0,0.0,0.0,0.0,https://www.celma.org.cn/dfzfxjh/59111.jhtml,,,,,,,,True,False,,,True,,
云南省,2023-10,2023-11-15,0.0,0.0,1.0,1.0,https://www.celma.org.cn/dfzfxjh/59280.jhtml,1076.0,0.0,0.0,1076.0,0.0,5.0,2023-10-16,True,True,1076.0,-22.0,False,1075.0,1076.0
内蒙古自治区,2023-10,2023-12-04,0.0,20.2,121.3,141.5,https://www.celma.org.cn/dfzfxjh/59419.jhtml,1208.5,0.0,20.2,1188.3,0.0,8.0,2023-10-09,True,True,1208.5,-40.0,False,1067.0,8.54
北京市,2023-10,2023-10-08,0.0,0.0,10.61,10.61,https://www.celma.org.cn/dfzfxjh/58849.jhtml,10.61,0.0,0.0,10.61,0.0,3.0,2023-10-26,True,True,10.61,14.0,False,0.0,1.0
厦门市,2023-10,2023-11-15,0.0,43.7,48.73,92.43,https://www.celma.org.cn/dfzfxjh/59275.jhtml,92.43,0.0,43.7,48.73,0.0,7.0,2023-10-26,True,True,92.43,-14.0,False,-0.0,1.0
吉林省,2023-10,2023-09-19,15.76,197.46,905.55,1118.77,https://www.celma.org.cn/dfzfxjh/59315.jhtml,1118.78,15.76,197.47,905.55,0.0,14.0,2023-10-17,True,True,1118.78,16.0,True,0.01,1.0
四川省,2023-10,2023-09-20,0.0,0.0,177.3,177.3,https://www.celma.org.cn/dfzfxjh/58749.jhtml,457.31,0.0,0.0,457.31,0.0,6.0,2023-10-09,True,True,457.31,9.0,True,280.01,2.58
大连市,2023-10,2023-09-28,0.0,0.0,107.3,107.3,https://www.celma.org.cn/dfzfxjh/58835.jhtml,252.87,0.0,10.0,242.87,0.0,7.0,2023-10-10,True,True,252.87,4.0,False,145.57,2.36
天津市,2023-10,2023-11-13,19.33,90.8,948.04,1058.17,https://www.celma.org.cn/dfzfxjh/59233.jhtml,1058.17,19.33,90.8,948.04,0.0,24.0,2023-10-10,True,True,1058.17,-24.0,False,0.0,1.0
宁夏回族自治区,2023-10,2023-10-17,0.0,17.23,80.0,97.23,https://www.celma.org.cn/dfzfxjh/58938.jhtml,97.23,0.0,17.23,80.0,0.0,2.0,2023-10-19,True,True,97.23,2.0,False,0.0,1.0
安徽省,2023-10,2023-10-17,0.0,0.0,7.36,7.36,https://www.celma.org.cn/dfzfxjh/58934.jhtml,7.36,0.0,0.0,7.36,0.0,1.0,2023-10-20,True,True,7.36,3.0,False,0.0,1.0
山东省,2023-10,2023-09-20,,,,,https://www.celma.org.cn/dfzfxjh/58702.jhtml,563.22,5.0,276.22,282.0,0.0,16.0,2023-10-19,True,True,563.22,17.0,True,,
山西省,2023-10,2023-10-19,0.0,0.0,22.83,22.83,https://www.celma.org.cn/dfzfxjh/58982.jhtml,67.1,6.75,9.52,50.83,0.0,6.0,2023-10-18,True,True,67.1,-1.0,False,44.27,2.94
广东省,2023-10,2023-09-19,0.0,0.0,0.0,0.0,https://www.celma.org.cn/dfzfxjh/58672.jhtml,64.24,0.0,0.0,64.24,0.0,4.0,2023-10-31,True,True,64.24,26.0,True,64.24,
广西壮族自治区,2023-10,2023-09-19,9.0,0.0,494.0,503.0,https://www.celma.org.cn/dfzfxjh/58667.jhtml,672.85,0.0,0.0,672.85,0.0,8.0,2023-10-16,True,True,672.85,15.0,True,169.85,1.34
新疆生产建设兵团,2023-10,2023-10-31,0.0,0.0,22.57,22.57,https://www.celma.org.cn/dfzfxjh/59139.jhtml,22.57,0.0,0.0,22.57,0.0,2.0,2023-10-23,True,True,22.57,-6.0,False,0.0,1.0
新疆维吾尔自治区,2023-10,2023-10-30,19.6,278.2,56.0,353.8,https://www.celma.org.cn/dfzfxjh/59131.jhtml,353.8,19.6,278.2,56.0,0.0,4.0,2023-10-27,True,True,353.8,-1.0,False,0.0,1.0
江苏省,2023-10,2023-09-20,0.0,423.14,78.85,501.99,https://www.celma.org.cn/dfzfxjh/58682.jhtml,762.99,0.0,423.14,339.85,0.0,9.0,2023-10-09,True,True,762.99,9.0,True,261.0,1.52
江西省,2023-10,2023-10-23,0.0,0.0,156.0,156.0,https://www.celma.org.cn/dfzfxjh/59021.jhtml,156.0,0.0,0.0,156.0,0.0,2.0,2023-10-18,True,True,156.0,-3.0,False,0.0,1.0
河北省,2023-10,2023-09-20,0.0,61.92,0.0,61.92,https://www.celma.org.cn/dfzfxjh/58695.jhtml,338.92,0.0,61.92,277.0,0.0,3.0,2023-10-27,True,True,338.92,23.0,True,277.0,5.47
河南省,2023-10,2023-09-20,16.34,114.25,255.99,386.58,https://www.celma.org.cn/dfzfxjh/60779.jhtml,386.58,16.34,114.25,255.99,0.0,12.0,2023-10-31,True,True,386.58,25.0,True,0.0,1.0
海南省,2023-10,2024-04-29,0.0,0.0,0.0,0.0,https://www.celma.org.cn/dfzfxjh/60737.jhtml,,,,,,,,True,False,,,False,,
深圳市,2023-10,2023-09-19,0.0,0.0,55.62,55.62,https://www.celma.org.cn/dfzfxjh/58659.jhtml,,,,,,,,True,False,,,True,,
湖北省,2023-10,2023-09-19,0.0,0.0,319.81,319.81,https://www.celma.org.cn/dfzfxjh/63794.jhtml,319.82,0.0,0.0,319.82,0.0,7.0,2023-10-13,True,True,319.82,14.0,True,0.01,1.0
湖南省,2023-10,2023-12-07,0.0,344.87,643.26,988.13,https://www.celma.org.cn/dfzfxjh/59502.jhtml,988.12,0.0,344.86,643.26,0.0,13.0,2023-10-13,True,True,988.12,-39.0,False,-0.01,1.0
甘肃省,2023-10,2023-09-20,0.0,180.0,0.0,180.0,https://www.celma.org.cn/dfzfxjh/58694.jhtml,400.63,0.0,180.63,220.0,0.0,9.0,2023-10-19,True,True,400.63,17.0,True,220.63,2.23
福建省,2023-10,2023-09-20,0.0,0.0,282.0,282.0,https://www.celma.org.cn/dfzfxjh/58676.jhtml,282.0,0.0,0.0,282.0,0.0,2.0,2023-10-19,True,True,282.0,17.0,True,0.0,1.0
贵州省,2023-10,2023-09-20,0.0,0.0,882.38,882.38,https://www.celma.org.cn/dfzfxjh/59192.jhtml,882.38,0.0,0.0,882.38,0.0,6.0,2023-10-20,True,True,882.38,18.0,True,0.0,1.0
辽宁省,2023-10,2023-11-15,0.0,40.4,1.0,41.4,https://www.celma.org.cn/dfzfxjh/59264.jhtml,1193.5,0.0,40.4,1153.1,0.0,14.0,2023-10-10,True,True,1193.5,-26.0,False,1152.1,28.83
重庆市,2023-10,2024-06-14,0.0,0.0,421.9,421.9,https://www.celma.org.cn/dfzfxjh/61296.jhtml,421.9,0.0,0.0,421.9,0.0,4.0,2023-10-16,True,True,421.9,-167.0,False,0.0,1.0
陕西省,2023-10,2024-05-11,0.0,64.31,114.51,178.82,https://www.celma.org.cn/dfzfxjh/60849.jhtml,178.82,0.0,64.31,114.51,0.0,4.0,2023-10-24,True,True,178.82,-137.0,False,0.0,1.0
青岛市,2023-10,2024-05-16,0.0,0.0,41.58,41.58,https://www.celma.org.cn/dfzfxjh/60952.jhtml,41.58,0.0,0.0,41.58,0.0,4.0,2023-10-12,True,True,41.58,-149.0,False,0.0,1.0
青海省,2023-10,2023-10-13,0.0,0.0,172.06,172.06,https://www.celma.org.cn/dfzfxjh/58903.jhtml,172.06,0.0,0.0,172.06,0.0,4.0,2023-10-17,True,True,172.06,2.0,False,0.0,1.0
黑龙江省,2023-10,2023-09-18,0.0,11.52,0.0,11.52,https://www.celma.org.cn/dfzfxjh/58625.jhtml,314.52,0.0,11.52,303.0,0.0,7.0,2023-10-25,True,True,314.52,23.0,True,303.0,27.3
上海市,2023-11,2023-10-20,0.0,0.0,0.0,0.0,https://www.celma.org.cn/dfzfxjh/59112.jhtml,,,,,,,,True,False,,,True,,
云南省,2023-11,2023-11-10,0.0,0.0,197.1,197.1,https://www.celma.org.cn/dfzfxjh/59231.jhtml,197.1,0.0,0.0,197.1,0.0,3.0,2023-11-14,True,True,197.1,2.0,False,0.0,1.0
内蒙古自治区,2023-11,2023-12-04,0.0,0.0,41.56,41.56,https://www.celma.org.cn/dfzfxjh/59430.jhtml,41.56,0.0,0.0,41.56,0.0,1.0,2023-11-16,True,True,41.56,-12.0,False,0.0,1.0
北京市,2023-11,2023-10-08,0.0,0.0,0.0,0.0,https://www.celma.org.cn/dfzfxjh/58850.jhtml,,,,,,,,True,False,,,True,,
吉林省,2023-11,2023-10-19,7.17,0.0,201.77,208.94,https://www.celma.org.cn/dfzfxjh/59316.jhtml,208.94,7.17,0.0,201.77,0.0,2.0,2023-11-09,True,True,208.94,15.0,True,0.0,1.0
四川省,2023-11,2023-10-18,0.0,0.0,0.0,0.0,https://www.celma.org.cn/dfzfxjh/58969.jhtml,,,,,,,,True,False,,,True,,
大连市,2023-11,2023-11-23,0.0,10.0,0.0,10.0,https://www.celma.org.cn/dfzfxjh/59356.jhtml,10.0,0.0,10.0,0.0,0.0,1.0,2023-11-29,True,True,10.0,4.0,False,0.0,1.0
天津市,2023-11,2023-12-08,0.68,610.94,497.74,1109.36,https://www.celma.org.cn/dfzfxjh/59509.jhtml,1109.36,0.68,610.94,497.74,0.0,17.0,2023-11-01,True,True,1109.36,-27.0,False,0.0,1.0
宁夏回族自治区,2023-11,2023-10-17,5.9,0.0,38.58,44.48,https://www.celma.org.cn/dfzfxjh/58939.jhtml,,,,,,,,True,False,,,True,,
宁波市,2023-11,2023-10-18,0.0,0.0,44.11,44.11,https://www.celma.org.cn/dfzfxjh/58970.jhtml,44.11,0.0,0.0,44.11,0.0,5.0,2023-11-16,True,True,44.11,21.0,True,0.0,1.0
安徽省,2023-11,2023-11-01,20.0,0.0,620.0,640.0,https://www.celma.org.cn/dfzfxjh/59155.jhtml,640.0,20.0,0.0,620.0,0.0,3.0,2023-11-07,True,True,640.0,4.0,False,0.0,1.0
山东省,2023-11,2023-10-12,0.0,0.0,0.0,0.0,https://www.celma.org.cn/dfzfxjh/58899.jhtml,,,,,,,,True,False,,,True,,
山西省,2023-11,2023-11-28,0.0,15.67,120.79,136.46,https://www.celma.org.cn/dfzfxjh/59376.jhtml,136.46,0.0,15.67,120.79,0.0,7.0,2023-11-16,True,True,136.46,-8.0,False,0.0,1.0
广东省,2023-11,2023-10-20,0.0,0.0,0.0,0.0,https://www.celma.org.cn/dfzfxjh/59010.jhtml,,,,,,,,True,False,,,True,,
广西壮族自治区,2023-11,2023-10-06,0.0,0.0,0.0,0.0,https://www.celma.org.cn/dfzfxjh/60883.jhtml,,,,,,,,True,False,,,True,,
新疆维吾尔自治区,2023-11,2023-11-13,,,17.8,17.8,https://www.celma.org.cn/dfzfxjh/59244.jhtml,17.8,0.0,0.0,17.8,0.0,2.0,2023-11-23,True,True,17.8,8.0,False,-0.0,1.0
江苏省,2023-11,2023-10-20,0.0,0.0,0.0,0.0,https://www.celma.org.cn/dfzfxjh/59004.jhtml,,,,,,,,True,False,,,True,,
江西省,2023-11,2023-11-22,,,,,https://www.celma.org.cn/dfzfxjh/59355.jhtml,39.24,0.0,36.04,3.2,0.0,7.0,2023-11-27,True,True,39.24,3.0,False,,
河北省,2023-11,2023-10-20,0.0,0.0,0.0,0.0,https://www.celma.org.cn/dfzfxjh/59001.jhtml,,,,,,,,True,False,,,True,,
河南省,2023-11,2023-10-20,0.0,282.0,92.01,374.01,https://www.celma.org.cn/dfzfxjh/60780.jhtml,374.01,0.0,282.0,92.01,0.0,3.0,2023-11-28,True,True,374.01,27.0,True,0.0,1.0
浙江省,2023-11,2023-10-20,0.0,0.0,254.11,254.11,https://www.celma.org.cn/dfzfxjh/59074.jhtml,254.11,0.0,0.0,254.11,0.0,2.0,2023-11-07,True,True,254.11,12.0,True,0.0,1.0
海南省,2023-11,2024-04-29,0.0,0.0,63.96,63.96,https://www.celma.org.cn/dfzfxjh/60738.jhtml,63.96,0.0,0.0,63.96,0.0,4.0,2023-11-15,True,True,63.96,-114.0,False,0.0,1.0
深圳市,2023-11,2023-10-20,0.0,0.0,0.0,0.0,https://www.celma.org.cn/dfzfxjh/61311.jhtml,,,,,,,,True,False,,,True,,
湖北省,2023-11,2023-10-19,0.0,416.56,0.0,416.56,https://www.celma.org.cn/dfzfxjh/63795.jhtml,416.56,0.0,416.56,0.0,0.0,2.0,2023-11-21,True,True,416.56,23.0,True,0.0,1.0
湖南省,2023-11,2023-12-07,0.0,86.04,678.59,764.63,https://www.celma.org.cn/dfzfxjh/59473.jhtml,764.64,0.0,86.05,678.59,0.0,8.0,2023-11-01,True,True,764.64,-26.0,False,0.01,1.0
甘肃省,2023-11,2023-10-19,0.0,116.4,0.0,116.4,https://www.celma.org.cn/dfzfxjh/58978.jhtml,,,,,,,,True,False,,,True,,
西藏自治区,2023-11,2023-12-06,20.0,65.05,15.33,100.38,https://www.celma.org.cn/dfzfxjh/59454.jhtml,100.38,20.0,65.05,15.33,0.0,8.0,2023-11-29,True,True,100.38,-5.0,False,0.0,1.0
贵州省,2023-11,2023-10-23,9.52,41.45,1.0,51.97,https://www.celma.org.cn/dfzfxjh/59714.jhtml,1462.06,9.52,41.45,1411.09,0.0,17.0,2023-11-13,True,True,1462.06,15.0,False,1410.09,28.13
重庆市,2023-11,2024-06-14,0.0,141.46,304.1,445.56,https://www.celma.org.cn/dfzfxjh/61297.jhtml,445.56,0.0,141.46,304.1,0.0,5.0,2023-11-01,True,True,445.56,-155.0,False,-0.0,1.0
陕西省,2023-11,2023-11-08,0.0,0.0,0.0,0.0,https://www.celma.org.cn/dfzfxjh/59212.jhtml,,,,,,,,True,False,,,False,,
青岛市,2023-11,2024-05-16,0.0,0.0,0.0,0.0,https://www.celma.org.cn/dfzfxjh/60953.jhtml,,,,,,,,True,False,,,False,,
青海省,2023-11,2023-11-14,20.95,0.0,0.0,20.95,https://www.celma.org.cn/dfzfxjh/59245.jhtml,20.95,20.95,0.0,0.0,0.0,1.0,2023-11-21,True,True,20.95,5.0,False,0.0,1.0
黑龙江省,2023-11,2023-10-17,178.83,164.42,0.0,343.25,https://www.celma.org.cn/dfzfxjh/58937.jhtml,325.31,178.84,146.47,0.0,0.0,4.0,2023-11-20,True,True,325.31,24.0,True,-17.94,0.95
上海市,2023-12,2023-11-20,0.0,0.0,0.0,0.0,https://www.celma.org.cn/dfzfxjh/59705.jhtml,,,,,,,,True,False,,,True,,
内蒙古自治区,2023-12,2023-12-12,0.0,18.26,51.69,69.95,https://www.celma.org.cn/dfzfxjh/59555.jhtml,69.95,0.0,18.26,51.69,0.0,3.0,2023-12-01,True,True,69.95,-7.0,False,-0.0,1.0
北京市,2023-12,2023-11-15,0.0,0.0,218.77,218.77,https://www.celma.org.cn/dfzfxjh/59274.jhtml,218.77,0.0,0.0,218.77,0.0,3.0,2023-12-07,True,True,218.77,16.0,True,0.0,1.0
四川省,2023-12,2023-11-16,0.0,0.0,0.0,0.0,https://www.celma.org.cn/dfzfxjh/59293.jhtml,,,,,,,,True,False,,,True,,
大连市,2023-12,2024-06-17,0.0,37.43,0.0,37.43,https://www.celma.org.cn/dfzfxjh/61351.jhtml,37.43,0.0,37.43,0.0,0.0,2.0,2023-12-21,True,True,37.43,-120.0,False,0.0,1.0
天津市,2023-12,2023-12-08,59.27,107.58,0.0,166.85,https://www.celma.org.cn/dfzfxjh/59510.jhtml,166.85,59.27,107.58,0.0,0.0,9.0,2023-12-07,True,True,166.85,-1.0,False,0.0,1.0
宁夏回族自治区,2023-12,2023-12-01,5.9,0.0,68.58,74.48,https://www.celma.org.cn/dfzfxjh/59414.jhtml,74.48,5.9,0.0,68.58,0.0,5.0,2023-12-07,True,True,74.48,4.0,False,0.0,1.0
山东省,2023-12,2023-11-13,,,,,https://www.celma.org.cn/dfzfxjh/59240.jhtml,250.0,0.0,250.0,0.0,0.0,1.0,2023-12-08,True,True,250.0,19.0,True,,
山西省,2023-12,2024-05-10,0.0,0.0,0.0,0.0,https://www.celma.org.cn/dfzfxjh/60826.jhtml,,,,,,,,True,False,,,False,,
广东省,2023-12,2023-10-20,0.0,0.0,0.0,0.0,https://www.celma.org.cn/dfzfxjh/59011.jhtml,,,,,,,,True,False,,,True,,
广西壮族自治区,2023-12,2023-11-20,0.0,0.0,0.0,0.0,https://www.celma.org.cn/dfzfxjh/59337.jhtml,292.24,9.05,273.8,9.39,0.0,6.0,2023-12-07,True,True,292.24,13.0,True,292.24,
江苏省,2023-12,2023-10-20,0.0,0.0,0.0,0.0,https://www.celma.org.cn/dfzfxjh/59005.jhtml,,,,,,,,True,False,,,True,,
河北省,2023-12,2023-11-17,0.0,0.0,60.0,60.0,https://www.celma.org.cn/dfzfxjh/59303.jhtml,60.0,0.0,0.0,60.0,0.0,1.0,2023-12-05,True,True,60.0,12.0,True,0.0,1.0
河南省,2023-12,2023-11-20,80.57,0.0,0.0,80.57,https://www.celma.org.cn/dfzfxjh/59887.jhtml,80.57,80.57,0.0,0.0,0.0,1.0,2023-12-14,True,True,80.57,18.0,True,0.0,1.0
浙江省,2023-12,2023-11-20,20.0,0.0,148.46,168.46,https://www.celma.org.cn/dfzfxjh/59538.jhtml,168.46,20.0,0.0,148.46,0.0,6.0,2023-12-05,True,True,168.46,11.0,True,0.0,1.0
海南省,2023-12,2024-04-29,0.0,100.0,0.0,100.0,https://www.celma.org.cn/dfzfxjh/60739.jhtml,100.0,0.0,100.0,0.0,0.0,1.0,2023-12-20,True,True,100.0,-89.0,False,0.0,1.0
深圳市,2023-12,2023-11-20,0.0,0.0,0.0,0.0,https://www.celma.org.cn/dfzfxjh/61312.jhtml,55.62,0.0,0.0,55.62,0.0,4.0,2023-12-04,True,True,55.62,10.0,True,55.62,
湖北省,2023-12,2024-05-23,0.0,0.0,122.36,122.36,https://www.celma.org.cn/dfzfxjh/61066.jhtml,122.35,0.0,0.0,122.35,0.0,2.0,2023-12-18,True,True,122.35,-107.0,False,-0.01,1.0
湖南省,2023-12,2023-12-07,0.0,0.0,2.0,2.0,https://www.celma.org.cn/dfzfxjh/59474.jhtml,,,,,,,,True,False,,,False,,
甘肃省,2023-12,2023-11-20,0.0,116.4,0.0,116.4,https://www.celma.org.cn/dfzfxjh/59331.jhtml,116.37,0.0,116.37,0.0,0.0,5.0,2023-12-11,True,True,116.37,15.0,True,-0.03,1.0
贵州省,2023-12,2023-11-21,0.0,0.0,114.98,114.98,https://www.celma.org.cn/dfzfxjh/59715.jhtml,114.98,0.0,0.0,114.98,0.0,2.0,2023-12-15,True,True,114.98,18.0,False,-0.0,1.0
重庆市,2023-12,2024-06-14,0.0,0.0,0.0,0.0,https://www.celma.org.cn/dfzfxjh/61298.jhtml,,,,,,,,True,False,,,False,,
陕西省,2023-12,2024-05-11,0.0,0.0,0.0,0.0,https://www.celma.org.cn/dfzfxjh/60850.jhtml,,,,,,,,True,False,,,False,,
青岛市,2023-12,2024-05-16,0.0,0.0,0.0,0.0,https://www.celma.org.cn/dfzfxjh/60954.jhtml,,,,,,,,True,False,,,False,,
青海省,2023-12,2023-11-14,9.84,0.0,0.0,9.84,https://www.celma.org.cn/dfzfxjh/59246.jhtml,9.84,9.84,0.0,0.0,0.0,1.0,2023-12-21,True,True,9.84,27.0,True,0.0,1.0
黑龙江省,2023-12,2023-11-16,0.0,17.95,0.0,17.95,https://www.celma.org.cn/dfzfxjh/59291.jhtml,17.95,0.0,17.95,0.0,0.0,4.0,2023-12-19,True,True,17.95,23.0,True,0.0,1.0
上海市,2024-01,2023-12-20,0.0,0.0,0.0,0.0,https://www.celma.org.cn/dfzfxjh/60094.jhtml,,,,,,,,True,False,,,True,,
云南省,2024-01,2024-06-27,0.0,0.0,210.66,210.66,https://www.celma.org.cn/dfzfxjh/61551.jhtml,210.66,0.0,0.0,210.66,0.0,2.0,2024-01-24,True,True,210.66,-105.0,False,0.0,1.0
内蒙古自治区,2024-01,2024-03-18,0.0,0.0,93.96,93.96,https://www.celma.org.cn/dfzfxjh/60280.jhtml,93.96,0.0,0.0,93.96,0.0,1.0,2024-01-25,True,True,93.96,-34.0,False,0.0,1.0
北京市,2024-01,2024-01-09,0.0,0.0,,0.0,https://www.celma.org.cn/dfzfxjh/59844.jhtml,98.56,0.0,0.0,98.56,0.0,5.0,2024-01-26,True,True,98.56,13.0,False,98.56,
厦门市,2024-01,2024-01-31,14.0,0.0,0.0,14.0,https://www.celma.org.cn/dfzfxjh/59949.jhtml,14.0,14.0,0.0,0.0,0.0,1.0,2024-01-25,True,True,14.0,-4.0,False,0.0,1.0
四川省,2024-01,2024-01-10,100.0,300.0,65.0,465.0,https://www.celma.org.cn/dfzfxjh/59850.jhtml,350.25,221.99,0.0,128.26,0.0,5.0,2024-01-23,True,True,350.25,9.0,False,-114.75,0.75
大连市,2024-01,2024-01-23,11.0,0.0,0.0,11.0,https://www.celma.org.cn/dfzfxjh/59905.jhtml,11.0,11.0,0.0,0.0,0.0,1.0,2024-01-18,True,True,11.0,-3.0,False,0.0,1.0
天津市,2024-01,2024-01-25,0.0,0.0,240.45,240.45,https://www.celma.org.cn/dfzfxjh/59930.jhtml,240.45,0.0,0.0,240.45,0.0,3.0,2024-01-23,True,True,240.45,-2.0,False,0.0,1.0
宁夏回族自治区,2024-01,2024-01-08,0.0,0.0,0.0,0.0,https://www.celma.org.cn/dfzfxjh/59826.jhtml,,,,,,,,True,False,,,False,,
山东省,2024-01,2023-12-20,0.0,900.0,216.72,1116.72,https://www.celma.org.cn/dfzfxjh/59631.jhtml,615.6,0.0,0.0,615.6,0.0,2.0,2024-01-22,True,True,615.6,22.0,True,-501.12,0.55
山西省,2024-01,2024-01-19,20.34,0.0,0.0,20.34,https://www.celma.org.cn/dfzfxjh/59890.jhtml,19.07,19.07,0.0,0.0,0.0,1.0,2024-01-31,True,True,19.07,8.0,False,-1.27,0.94
广东省,2024-01,2024-02-07,198.0,567.81,288.08,1053.89,https://www.celma.org.cn/dfzfxjh/60068.jhtml,1053.88,198.0,567.81,288.07,0.0,14.0,2024-01-29,True,True,1053.88,-8.0,False,-0.01,1.0
广西壮族自治区,2024-01,2023-12-12,0.0,0.0,0.0,0.0,https://www.celma.org.cn/dfzfxjh/59570.jhtml,,,,,,,,True,False,,,True,,
新疆维吾尔自治区,2024-01,2025-05-21,0.0,0.0,0.0,0.0,https://www.celma.org.cn/dfzfxjh/64888.jhtml,,,,,,,,True,False,,,False,,
江苏省,2024-01,2024-01-16,130.0,0.0,0.0,130.0,https://www.celma.org.cn/dfzfxjh/59864.jhtml,130.0,130.0,0.0,0.0,0.0,1.0,2024-01-26,True,True,130.0,8.0,False,0.0,1.0
江西省,2024-01,2024-01-17,0.0,0.0,60.55,60.55,https://www.celma.org.cn/dfzfxjh/59867.jhtml,60.55,0.0,0.0,60.55,0.0,1.0,2024-01-25,True,True,60.55,6.0,False,0.0,1.0
河北省,2024-01,2023-12-20,0.0,0.0,0.0,0.0,https://www.celma.org.cn/dfzfxjh/59630.jhtml,75.19,67.0,0.0,8.19,0.0,2.0,2024-01-31,True,True,75.19,29.0,True,75.19,
河南省,2024-01,2023-12-19,0.0,0.0,246.82,246.82,https://www.celma.org.cn/dfzfxjh/59888.jhtml,246.82,0.0,0.0,246.82,0.0,2.0,2024-01-17,True,True,246.82,20.0,True,0.0,1.0
浙江省,2024-01,2023-12-20,158.7,0.0,0.0,158.7,https://www.celma.org.cn/dfzfxjh/59901.jhtml,158.7,158.7,0.0,0.0,0.0,1.0,2024-01-29,True,True,158.7,27.0,True,0.0,1.0
海南省,2024-01,2024-04-29,30.0,0.0,38.47,68.47,https://www.celma.org.cn/dfzfxjh/60740.jhtml,68.47,30.0,0.0,38.47,0.0,2.0,2024-01-29,True,True,68.47,-62.0,False,0.0,1.0
深圳市,2024-01,2024-01-08,,,,,https://www.celma.org.cn/dfzfxjh/59827.jhtml,,,,,,,,True,False,,,False,,
湖北省,2024-01,2023-12-19,236.0,0.0,0.0,236.0,https://www.celma.org.cn/dfzfxjh/63773.jhtml,236.0,236.0,0.0,0.0,0.0,2.0,2024-01-22,True,True,236.0,23.0,True,0.0,1.0
湖南省,2024-01,2023-12-29,0.0,0.0,0.0,0.0,https://www.celma.org.cn/dfzfxjh/59763.jhtml,100.0,100.0,0.0,0.0,0.0,1.0,2024-01-30,True,True,100.0,21.0,False,100.0,
甘肃省,2024-01,2023-12-20,0.0,0.0,0.0,0.0,https://www.celma.org.cn/dfzfxjh/59635.jhtml,,,,,,,,True,False,,,True,,
福建省,2024-01,2023-12-29,0.0,0.0,39.0,39.0,https://www.celma.org.cn/dfzfxjh/59748.jhtml,39.33,0.0,0.0,39.33,0.0,1.0,2024-01-23,True,True,39.33,16.0,False,0.33,1.01
西藏自治区,2024-01,2025-05-22,0.0,0.0,0.0,0.0,https://www.celma.org.cn/dfzfxjh/64903.jhtml,,,,,,,,True,False,,,False,,
辽宁省,2024-01,2024-05-15,0.0,0.0,0.0,0.0,https://www.celma.org.cn/dfzfxjh/60942.jhtml,,,,,,,,True,False,,,False,,
重庆市,2024-01,2024-06-14,0.0,0.0,0.0,0.0,https://www.celma.org.cn/dfzfxjh/61299.jhtml,,,,,,,,True,False,,,False,,
陕西省,2024-01,2024-05-11,0.0,0.0,0.0,0.0,https://www.celma.org.cn/dfzfxjh/60862.jhtml,,,,,,,,True,False,,,False,,
青岛市,2024-01,2024-01-29,0.0,0.0,22.0,22.0,https://www.celma.org.cn/dfzfxjh/59938.jhtml,22.0,0.0,0.0,22.0,0.0,1.0,2024-01-26,True,True,22.0,-1.0,False,0.0,1.0
黑龙江省,2024-01,2023-12-15,0.0,0.0,9.83,9.83,https://www.celma.org.cn/dfzfxjh/59599.jhtml,,,,,,,,True,False,,,True,,
上海市,2024-02,2024-01-19,0.0,0.0,0.0,0.0,https://www.celma.org.cn/dfzfxjh/60095.jhtml,,,,,,,,True,False,,,True,,
内蒙古自治区,2024-02,2024-03-18,0.0,0.0,122.51,122.51,https://www.celma.org.cn/dfzfxjh/60281.jhtml,122.51,0.0,0.0,122.51,0.0,1.0,2024-02-26,True,True,122.51,-15.0,False,0.0,1.0
北京市,2024-02,2024-02-20,24.8,127.13,9.0,160.93,https://www.celma.org.cn/dfzfxjh/60106.jhtml,160.93,24.8,127.13,9.0,0.0,7.0,2024-02-29,True,True,160.93,7.0,False,0.0,1.0
厦门市,2024-02,2024-03-20,0.0,200.0,10.8,210.8,https://www.celma.org.cn/dfzfxjh/60300.jhtml,210.8,0.0,200.0,10.8,0.0,17.0,2024-02-06,True,True,210.8,-27.0,False,0.0,1.0
四川省,2024-02,2024-01-18,0.0,500.0,0.0,500.0,https://www.celma.org.cn/dfzfxjh/59879.jhtml,305.13,0.0,305.13,0.0,0.0,6.0,2024-02-29,True,True,305.13,27.0,True,-194.87,0.61
天津市,2024-02,2024-03-01,0.0,0.0,0.0,0.0,https://www.celma.org.cn/dfzfxjh/60169.jhtml,,,,,,,,True,False,,,False,,
宁夏回族自治区,2024-02,2024-02-01,0.0,0.0,36.4,36.4,https://www.celma.org.cn/dfzfxjh/59981.jhtml,36.4,0.0,0.0,36.4,0.0,1.0,2024-02-27,True,True,36.4,15.0,False,-0.0,1.0
宁波市,2024-02,2024-01-19,6.0,100.0,0.0,106.0,https://www.celma.org.cn/dfzfxjh/59900.jhtml,,,,,,,,True,False,,,True,,
安徽省,2024-02,2024-01-29,0.0,185.32,0.0,185.32,https://www.celma.org.cn/dfzfxjh/59941.jhtml,185.32,0.0,185.32,0.0,0.0,9.0,2024-02-05,True,True,185.32,6.0,False,0.0,1.0
山东省,2024-02,2024-01-19,0.0,300.0,0.0,300.0,https://www.celma.org.cn/dfzfxjh/59894.jhtml,523.03,0.0,523.03,0.0,0.0,4.0,2024-02-05,True,True,523.03,12.0,True,223.03,1.74
山西省,2024-02,2024-01-19,20.34,100.0,42.83,163.17,https://www.celma.org.cn/dfzfxjh/59891.jhtml,,,,,,,,True,False,,,True,,
广东省,2024-02,2024-02-07,0.0,0.0,0.0,0.0,https://www.celma.org.cn/dfzfxjh/60069.jhtml,,,,,,,,True,False,,,False,,
广西壮族自治区,2024-02,2024-01-16,59.55,0.0,196.68,256.23,https://www.celma.org.cn/dfzfxjh/64952.jhtml,256.23,59.55,0.0,196.68,0.0,5.0,2024-02-21,True,True,256.23,23.0,True,0.0,1.0
新疆维吾尔自治区,2024-02,2025-05-21,0.0,0.0,0.0,0.0,https://www.celma.org.cn/dfzfxjh/64889.jhtml,,,,,,,,True,False,,,False,,
江苏省,2024-02,2024-01-16,0.0,0.0,382.68,382.68,https://www.celma.org.cn/dfzfxjh/59865.jhtml,382.68,0.0,0.0,382.68,0.0,3.0,2024-02-01,True,True,382.68,12.0,True,0.0,1.0
江西省,2024-02,2024-02-21,162.26,98.11,0.0,260.37,https://www.celma.org.cn/dfzfxjh/60120.jhtml,260.37,162.26,98.11,0.0,0.0,7.0,2024-02-06,True,True,260.37,-7.0,False,0.0,1.0
河北省,2024-02,2024-01-19,0.0,200.0,138.0,338.0,https://www.celma.org.cn/dfzfxjh/59895.jhtml,558.14,121.6,297.9,138.64,0.0,11.0,2024-02-05,True,True,558.14,12.0,True,220.14,1.65
河南省,2024-02,2024-04-29,83.35,443.02,0.0,526.37,https://www.celma.org.cn/dfzfxjh/60720.jhtml,526.37,83.35,443.02,0.0,0.0,11.0,2024-02-05,True,True,526.37,-56.0,False,0.0,1.0
浙江省,2024-02,2024-01-19,0.0,429.21,172.0,601.21,https://www.celma.org.cn/dfzfxjh/62511.jhtml,601.21,0.0,429.21,172.0,0.0,6.0,2024-02-29,True,True,601.21,26.0,True,0.0,1.0
海南省,2024-02,2024-04-29,0.0,75.0,0.0,75.0,https://www.celma.org.cn/dfzfxjh/60741.jhtml,75.0,0.0,75.0,0.0,0.0,7.0,2024-02-28,True,True,75.0,-43.0,False,0.0,1.0
深圳市,2024-02,2024-01-20,0.0,100.0,0.0,100.0,https://www.celma.org.cn/dfzfxjh/59914.jhtml,,,,,,,,True,False,,,True,,
湖北省,2024-02,2024-01-19,0.0,0.0,0.0,0.0,https://www.celma.org.cn/dfzfxjh/63774.jhtml,,,,,,,,True,False,,,True,,
湖南省,2024-02,2024-01-22,0.0,0.0,0.0,0.0,https://www.celma.org.cn/dfzfxjh/59899.jhtml,,,,,,,,True,False,,,False,,
甘肃省,2024-02,2024-02-20,0.0,0.0,0.0,0.0,https://www.celma.org.cn/dfzfxjh/60108.jhtml,,,,,,,,True,False,,,False,,
福建省,2024-02,2024-01-19,0.0,300.0,0.0,300.0,https://www.celma.org.cn/dfzfxjh/60123.jhtml,300.0,0.0,300.0,0.0,0.0,5.0,2024-02-27,True,True,300.0,24.0,True,0.0,1.0
西藏自治区,2024-02,2025-05-22,0.0,0.0,0.0,0.0,https://www.celma.org.cn/dfzfxjh/64904.jhtml,,,,,,,,True,False,,,False,,
贵州省,2024-02,2024-01-25,0.0,0.0,375.58,375.58,https://www.celma.org.cn/dfzfxjh/60559.jhtml,375.58,0.0,0.0,375.58,0.0,5.0,2024-02-02,True,True,375.58,6.0,False,0.0,1.0
辽宁省,2024-02,2024-03-07,20.1,0.0,48.05,68.15,https://www.celma.org.cn/dfzfxjh/60193.jhtml,68.15,20.1,0.0,48.05,0.0,3.0,2024-02-20,True,True,68.15,-12.0,False,0.0,1.0
重庆市,2024-02,2024-03-06,0.0,332.15,101.4,433.55,https://www.celma.org.cn/dfzfxjh/60189.jhtml,433.55,0.0,332.15,101.4,0.0,7.0,2024-02-20,True,True,433.55,-11.0,False,0.0,1.0
陕西省,2024-02,2024-05-20,29.32,0.0,0.0,29.32,https://www.celma.org.cn/dfzfxjh/60989.jhtml,29.32,29.32,0.0,0.0,0.0,1.0,2024-02-28,True,True,29.32,-56.0,False,0.0,1.0
青岛市,2024-02,2024-05-09,39.0,149.88,0.0,188.88,https://www.celma.org.cn/dfzfxjh/60789.jhtml,188.88,39.0,149.88,0.0,0.0,11.0,2024-02-01,True,True,188.88,-64.0,False,0.0,1.0
黑龙江省,2024-02,2024-01-19,149.31,0.0,9.83,159.14,https://www.celma.org.cn/dfzfxjh/59889.jhtml,,,,,,,,True,False,,,True,,
上海市,2024-03,2024-02-20,0.0,0.0,0.0,0.0,https://www.celma.org.cn/dfzfxjh/60748.jhtml,,,,,,,,True,False,,,True,,
云南省,2024-03,2024-06-27,116.7,0.0,82.17,198.87,https://www.celma.org.cn/dfzfxjh/61552.jhtml,198.86,116.69,0.0,82.17,0.0,4.0,2024-03-13,True,True,198.86,-73.0,False,-0.01,1.0
内蒙古自治区,2024-03,2024-03-18,0.0,0.0,165.71,165.71,https://www.celma.org.cn/dfzfxjh/60282.jhtml,165.71,0.0,0.0,165.71,0.0,1.0,2024-03-04,True,True,165.71,-10.0,False,0.0,1.0
北京市,2024-03,2024-02-20,0.0,0.0,168.0,168.0,https://www.celma.org.cn/dfzfxjh/60107.jhtml,168.0,0.0,0.0,168.0,0.0,7.0,2024-03-25,True,True,168.0,24.0,True,0.0,1.0
吉林省,2024-03,2024-02-26,0.0,0.0,65.37,65.37,https://www.celma.org.cn/dfzfxjh/60715.jhtml,65.37,0.0,0.0,65.37,0.0,1.0,2024-03-26,True,True,65.37,21.0,False,0.0,1.0
四川省,2024-03,2024-02-07,0.0,400.0,163.0,563.0,https://www.celma.org.cn/dfzfxjh/60070.jhtml,250.76,0.0,0.0,250.76,0.0,4.0,2024-03-14,True,True,250.76,22.0,True,-312.24,0.45
天津市,2024-03,2024-03-15,0.0,0.0,215.1,215.1,https://www.celma.org.cn/dfzfxjh/60254.jhtml,215.1,0.0,0.0,215.1,0.0,5.0,2024-03-05,True,True,215.1,-8.0,False,0.0,1.0
宁夏回族自治区,2024-03,2024-03-20,0.0,0.0,0.0,0.0,https://www.celma.org.cn/dfzfxjh/60309.jhtml,,,,,,,,True,False,,,False,,
宁波市,2024-03,2024-02-19,6.0,270.0,0.0,276.0,https://www.celma.org.cn/dfzfxjh/60103.jhtml,116.0,6.0,110.0,0.0,0.0,6.0,2024-03-29,True,True,116.0,29.0,True,-160.0,0.42
安徽省,2024-03,2024-02-19,0.0,0.0,489.51,489.51,https://www.celma.org.cn/dfzfxjh/60102.jhtml,489.51,0.0,0.0,489.51,0.0,5.0,2024-03-14,True,True,489.51,18.0,True,0.0,1.0
山东省,2024-03,2024-02-26,0.0,300.0,0.0,300.0,https://www.celma.org.cn/dfzfxjh/60154.jhtml,336.21,0.0,336.21,0.0,0.0,4.0,2024-03-27,True,True,336.21,22.0,False,36.21,1.12
山西省,2024-03,2024-02-01,27.12,78.0,110.83,215.95,https://www.celma.org.cn/dfzfxjh/59978.jhtml,110.96,68.59,0.0,42.37,0.0,5.0,2024-03-12,True,True,110.96,25.0,True,-104.99,0.51
广东省,2024-03,2024-05-20,0.0,457.35,0.0,457.35,https://www.celma.org.cn/dfzfxjh/61011.jhtml,457.35,0.0,457.35,0.0,0.0,9.0,2024-03-27,True,True,457.35,-36.0,False,0.0,1.0
广西壮族自治区,2024-03,2024-02-13,0.0,286.0,0.0,286.0,https://www.celma.org.cn/dfzfxjh/64954.jhtml,286.0,0.0,286.0,0.0,0.0,5.0,2024-03-27,True,True,286.0,29.0,True,0.0,1.0
新疆维吾尔自治区,2024-03,2024-03-05,1.16,10.3,101.5,112.96,https://www.celma.org.cn/dfzfxjh/60178.jhtml,112.96,1.16,10.3,101.5,0.0,5.0,2024-03-21,True,True,112.96,12.0,False,0.0,1.0
江苏省,2024-03,2024-02-26,0.0,359.15,290.19,649.34,https://www.celma.org.cn/dfzfxjh/60155.jhtml,649.34,0.0,359.15,290.19,0.0,5.0,2024-03-19,True,True,649.34,16.0,False,0.0,1.0
江西省,2024-03,2024-03-07,0.0,0.0,306.79,306.79,https://www.celma.org.cn/dfzfxjh/60207.jhtml,306.79,0.0,0.0,306.79,0.0,5.0,2024-03-18,True,True,306.79,7.0,False,0.0,1.0
河北省,2024-03,2024-02-20,0.0,167.1,44.68,211.78,https://www.celma.org.cn/dfzfxjh/60111.jhtml,53.23,0.0,8.55,44.68,0.0,2.0,2024-03-15,True,True,53.23,18.0,True,-158.55,0.25
河南省,2024-03,2024-04-29,0.0,0.0,0.0,0.0,https://www.celma.org.cn/dfzfxjh/60721.jhtml,,,,,,,,True,False,,,False,,
浙江省,2024-03,2024-02-20,0.0,365.71,75.69,441.4,https://www.celma.org.cn/dfzfxjh/60318.jhtml,441.4,0.0,365.71,75.0,0.0,9.0,2024-03-29,True,True,440.71,28.0,True,-0.69,1.0
海南省,2024-03,2024-04-29,0.0,0.0,0.0,0.0,https://www.celma.org.cn/dfzfxjh/60742.jhtml,,,,,,,,True,False,,,False,,
深圳市,2024-03,2024-01-25,0.0,100.0,0.0,100.0,https://www.celma.org.cn/dfzfxjh/59925.jhtml,58.15,0.0,58.15,0.0,0.0,6.0,2024-03-28,True,True,58.15,42.0,True,-41.85,0.58
湖北省,2024-03,2024-02-19,0.0,127.25,188.74,315.99,https://www.celma.org.cn/dfzfxjh/63775.jhtml,315.99,0.0,127.25,188.74,0.0,12.0,2024-03-18,True,True,315.99,20.0,True,0.0,1.0
湖南省,2024-03,2024-02-18,0.0,0.0,0.0,0.0,https://www.celma.org.cn/dfzfxjh/60099.jhtml,264.01,77.05,143.7,43.26,0.0,7.0,2024-03-13,True,True,264.01,18.0,True,264.01,
甘肃省,2024-03,2024-02-20,71.0,0.0,0.0,71.0,https://www.celma.org.cn/dfzfxjh/60109.jhtml,71.0,71.0,0.0,0.0,0.0,1.0,2024-03-19,True,True,71.0,20.0,True,0.0,1.0
福建省,2024-03,2024-02-20,0.0,0.0,197.96,197.96,https://www.celma.org.cn/dfzfxjh/60124.jhtml,197.96,0.0,0.0,197.96,0.0,2.0,2024-03-07,True,True,197.96,12.0,True,-0.0,1.0
西藏自治区,2024-03,2025-05-22,0.0,0.0,0.0,0.0,https://www.celma.org.cn/dfzfxjh/64905.jhtml,,,,,,,,True,False,,,False,,
贵州省,2024-03,2024-02-23,0.0,0.0,419.32,419.32,https://www.celma.org.cn/dfzfxjh/60568.jhtml,419.33,0.0,0.0,419.33,0.0,5.0,2024-03-18,True,True,419.33,16.0,False,0.01,1.0
辽宁省,2024-03,2024-04-11,0.0,0.0,315.09,315.09,https://www.celma.org.cn/dfzfxjh/60434.jhtml,315.09,0.0,0.0,315.09,0.0,2.0,2024-03-14,True,True,315.09,-19.0,False,0.0,1.0
重庆市,2024-03,2025-05-26,0.0,0.0,0.0,0.0,https://www.celma.org.cn/dfzfxjh/64962.jhtml,,,,,,,,True,False,,,False,,
陕西省,2024-03,2024-05-20,15.26,17.98,72.53,105.77,https://www.celma.org.cn/dfzfxjh/60990.jhtml,105.77,15.26,17.98,72.53,0.0,4.0,2024-03-21,True,True,105.77,-40.0,False,0.0,1.0
青岛市,2024-03,2024-05-09,0.0,27.2,13.0,40.2,https://www.celma.org.cn/dfzfxjh/60790.jhtml,40.2,0.0,27.2,13.0,0.0,5.0,2024-03-13,True,True,40.2,-38.0,False,0.0,1.0
黑龙江省,2024-03,2024-02-04,149.31,117.0,83.45,349.76,https://www.celma.org.cn/dfzfxjh/59990.jhtml,83.46,0.0,0.0,83.46,0.0,2.0,2024-03-13,True,True,83.46,24.0,True,-266.3,0.24
上海市,2024-04,2024-03-20,0.0,0.0,0.0,0.0,https://www.celma.org.cn/dfzfxjh/60749.jhtml,,,,,,,,True,False,,,True,,
内蒙古自治区,2024-04,2024-04-03,0.0,0.0,25.32,25.32,https://www.celma.org.cn/dfzfxjh/60411.jhtml,241.57,122.09,94.16,25.32,0.0,6.0,2024-04-12,True,True,241.57,6.0,False,216.25,9.54
北京市,2024-04,2024-03-18,68.2,153.59,36.0,257.79,https://www.celma.org.cn/dfzfxjh/60268.jhtml,257.79,68.2,153.59,36.0,0.0,8.0,2024-04-09,True,True,257.79,15.0,True,-0.0,1.0
吉林省,2024-04,2024-03-20,0.0,0.0,64.22,64.22,https://www.celma.org.cn/dfzfxjh/60716.jhtml,64.22,0.0,0.0,64.22,0.0,2.0,2024-04-12,True,True,64.22,16.0,True,0.0,1.0
四川省,2024-04,2024-03-20,0.0,500.0,35.0,535.0,https://www.celma.org.cn/dfzfxjh/60335.jhtml,150.48,0.0,0.0,150.48,0.0,4.0,2024-04-25,True,True,150.48,25.0,True,-384.52,0.28
大连市,2024-04,2024-05-07,0.0,0.0,176.69,176.69,https://www.celma.org.cn/dfzfxjh/60765.jhtml,176.69,0.0,0.0,176.69,0.0,4.0,2024-04-08,True,True,176.69,-19.0,False,0.0,1.0
天津市,2024-04,2024-04-28,0.0,0.0,308.4,308.4,https://www.celma.org.cn/dfzfxjh/60719.jhtml,308.4,0.0,0.0,308.4,0.0,5.0,2024-04-25,True,True,308.4,-2.0,False,0.0,1.0
宁夏回族自治区,2024-04,2024-03-27,20.0,0.0,10.34,30.34,https://www.celma.org.cn/dfzfxjh/60347.jhtml,,,,,,,,True,False,,,False,,
山东省,2024-04,2024-03-22,0.0,300.0,285.0,585.0,https://www.celma.org.cn/dfzfxjh/60332.jhtml,230.61,0.0,230.61,0.0,0.0,5.0,2024-04-30,True,True,230.61,27.0,False,-354.39,0.39
山西省,2024-04,2024-03-18,30.0,0.0,110.66,140.66,https://www.celma.org.cn/dfzfxjh/60270.jhtml,139.11,27.98,13.0,98.13,0.0,5.0,2024-04-29,True,True,139.11,30.0,True,-1.55,0.99
广东省,2024-04,2024-05-20,0.0,0.0,0.0,0.0,https://www.celma.org.cn/dfzfxjh/61012.jhtml,,,,,,,,True,False,,,False,,
广西壮族自治区,2024-04,2024-03-14,0.0,0.0,0.0,0.0,https://www.celma.org.cn/dfzfxjh/64956.jhtml,,,,,,,,True,False,,,True,,
新疆维吾尔自治区,2024-04,2024-03-22,50.0,50.0,0.0,100.0,https://www.celma.org.cn/dfzfxjh/60334.jhtml,37.98,30.38,7.6,0.0,0.0,2.0,2024-04-23,True,True,37.98,21.0,False,-62.02,0.38
江苏省,2024-04,2024-03-15,0.0,0.0,0.0,0.0,https://www.celma.org.cn/dfzfxjh/60265.jhtml,,,,,,,,True,False,,,True,,
江西省,2024-04,2024-09-24,0.0,253.69,0.0,253.69,https://www.celma.org.cn/dfzfxjh/62567.jhtml,253.69,0.0,253.69,0.0,0.0,7.0,2024-04-29,True,True,253.69,-102.0,False,0.0,1.0
河北省,2024-04,2024-03-20,0.0,159.0,51.0,210.0,https://www.celma.org.cn/dfzfxjh/60307.jhtml,80.38,0.0,26.86,53.52,0.0,5.0,2024-04-25,True,True,80.38,25.0,True,-129.62,0.38
河南省,2024-04,2024-04-29,0.0,0.0,220.78,220.78,https://www.celma.org.cn/dfzfxjh/60722.jhtml,220.78,0.0,0.0,220.78,0.0,4.0,2024-04-08,True,True,220.78,-16.0,False,0.0,1.0
海南省,2024-04,2024-04-29,10.0,0.0,50.5,60.5,https://www.celma.org.cn/dfzfxjh/60743.jhtml,60.5,10.0,0.0,50.5,0.0,4.0,2024-04-23,True,True,60.5,-5.0,False,0.0,1.0
深圳市,2024-04,2024-03-22,0.0,0.0,44.55,44.55,https://www.celma.org.cn/dfzfxjh/60325.jhtml,44.55,0.0,0.0,44.55,0.0,4.0,2024-04-11,True,True,44.55,13.0,False,0.0,1.0
湖北省,2024-04,2024-03-19,0.0,0.0,0.0,0.0,https://www.celma.org.cn/dfzfxjh/63776.jhtml,,,,,,,,True,False,,,True,,
湖南省,2024-04,2024-03-04,0.0,0.0,0.0,0.0,https://www.celma.org.cn/dfzfxjh/60174.jhtml,112.87,0.0,54.83,58.04,0.0,3.0,2024-04-19,True,True,112.87,33.0,True,112.87,
甘肃省,2024-04,2024-03-19,30.5,60.0,75.0,165.5,https://www.celma.org.cn/dfzfxjh/60298.jhtml,105.55,30.55,0.0,75.0,0.0,2.0,2024-04-16,True,True,105.55,19.0,True,-59.95,0.64
西藏自治区,2024-04,2025-05-22,0.0,0.0,0.0,0.0,https://www.celma.org.cn/dfzfxjh/64906.jhtml,,,,,,,,True,False,,,False,,
贵州省,2024-04,2024-03-20,86.22,0.0,249.52,335.74,https://www.celma.org.cn/dfzfxjh/60900.jhtml,335.74,86.22,0.0,249.52,0.0,6.0,2024-04-18,True,True,335.74,20.0,True,0.0,1.0
辽宁省,2024-04,2024-05-15,0.0,0.0,0.0,0.0,https://www.celma.org.cn/dfzfxjh/60943.jhtml,,,,,,,,True,False,,,False,,
重庆市,2024-04,2024-05-11,0.0,0.0,194.0,194.0,https://www.celma.org.cn/dfzfxjh/60871.jhtml,194.0,0.0,0.0,194.0,0.0,2.0,2024-04-02,True,True,194.0,-26.0,False,0.0,1.0
陕西省,2024-04,2024-05-20,26.26,0.0,154.49,180.75,https://www.celma.org.cn/dfzfxjh/60991.jhtml,180.75,26.26,0.0,154.49,0.0,4.0,2024-04-29,True,True,180.75,-13.0,False,0.0,1.0
青岛市,2024-04,2024-05-09,0.0,48.9,0.0,48.9,https://www.celma.org.cn/dfzfxjh/60791.jhtml,48.9,0.0,48.9,0.0,0.0,4.0,2024-04-11,True,True,48.9,-18.0,False,0.0,1.0
黑龙江省,2024-04,2024-03-18,127.03,0.0,194.55,321.58,https://www.celma.org.cn/dfzfxjh/60271.jhtml,194.55,0.0,0.0,194.55,0.0,2.0,2024-04-15,True,True,194.55,19.0,True,-127.03,0.6
上海市,2024-05,2024-04-18,100.0,0.0,0.0,100.0,https://www.celma.org.cn/dfzfxjh/60915.jhtml,100.0,100.0,0.0,0.0,0.0,3.0,2024-05-20,True,True,100.0,21.0,True,0.0,1.0
云南省,2024-05,2024-05-11,0.0,0.0,161.88,161.88,https://www.celma.org.cn/dfzfxjh/60870.jhtml,161.88,0.0,0.0,161.88,0.0,2.0,2024-05-15,True,True,161.88,3.0,False,0.0,1.0
内蒙古自治区,2024-05,2024-05-10,0.0,18.42,64.19,82.61,https://www.celma.org.cn/dfzfxjh/60831.jhtml,82.61,0.0,18.42,64.19,0.0,5.0,2024-05-16,True,True,82.61,5.0,False,0.0,1.0
北京市,2024-05,2024-04-10,0.0,0.0,0.0,0.0,https://www.celma.org.cn/dfzfxjh/60429.jhtml,,,,,,,,True,False,,,True,,
吉林省,2024-05,2024-04-18,39.22,47.52,0.0,86.74,https://www.celma.org.cn/dfzfxjh/60901.jhtml,86.74,39.22,47.52,0.0,0.0,5.0,2024-05-10,True,True,86.74,14.0,True,-0.0,1.0
四川省,2024-05,2024-04-19,0.0,500.0,181.0,681.0,https://www.celma.org.cn/dfzfxjh/60751.jhtml,575.21,0.0,393.89,181.32,0.0,9.0,2024-05-16,True,True,575.21,18.0,True,-105.79,0.84
天津市,2024-05,2024-05-24,0.0,94.9,518.77,613.67,https://www.celma.org.cn/dfzfxjh/61099.jhtml,613.67,0.0,94.9,518.77,0.0,35.0,2024-05-28,True,True,613.67,2.0,False,0.0,1.0
宁夏回族自治区,2024-05,2024-05-16,0.0,0.0,0.0,0.0,https://www.celma.org.cn/dfzfxjh/60955.jhtml,,,,,,,,True,False,,,False,,
宁波市,2024-05,2024-04-16,0.0,179.0,86.61,265.61,https://www.celma.org.cn/dfzfxjh/60447.jhtml,262.94,0.0,179.0,83.94,0.0,10.0,2024-05-27,True,True,262.94,28.0,True,-2.67,0.99
安徽省,2024-05,2024-05-14,0.0,513.51,0.0,513.51,https://www.celma.org.cn/dfzfxjh/60928.jhtml,513.51,0.0,513.51,0.0,0.0,10.0,2024-05-28,True,True,513.51,10.0,False,0.0,1.0
山东省,2024-05,2024-04-18,0.0,300.0,269.0,569.0,https://www.celma.org.cn/dfzfxjh/60537.jhtml,517.47,0.0,258.72,258.75,0.0,9.0,2024-05-09,True,True,517.47,13.0,True,-51.53,0.91
山西省,2024-05,2024-04-17,18.47,130.3,0.0,148.77,https://www.celma.org.cn/dfzfxjh/60454.jhtml,147.22,20.49,126.73,0.0,0.0,6.0,2024-05-31,True,True,147.22,31.0,True,-1.55,0.99
广东省,2024-05,2024-05-20,0.0,611.39,304.05,915.44,https://www.celma.org.cn/dfzfxjh/61013.jhtml,1581.28,0.0,1119.58,461.7,0.0,26.0,2024-05-08,True,True,1581.28,-9.0,False,665.84,1.73
广西壮族自治区,2024-05,2024-04-15,80.0,0.0,199.0,279.0,https://www.celma.org.cn/dfzfxjh/64958.jhtml,279.0,80.0,0.0,199.0,0.0,3.0,2024-05-17,True,True,279.0,23.0,True,0.0,1.0
新疆生产建设兵团,2024-05,2024-05-22,46.0,0.0,11.64,57.64,https://www.celma.org.cn/dfzfxjh/61049.jhtml,57.64,46.0,0.0,11.64,0.0,5.0,2024-05-28,True,True,57.64,4.0,False,0.0,1.0
新疆维吾尔自治区,2024-05,2024-05-11,23.16,73.67,0.0,96.83,https://www.celma.org.cn/dfzfxjh/60869.jhtml,96.83,23.16,73.67,0.0,0.0,6.0,2024-05-23,True,True,96.83,9.0,False,0.0,1.0
江苏省,2024-05,2024-04-22,0.0,0.0,596.74,596.74,https://www.celma.org.cn/dfzfxjh/60630.jhtml,596.74,0.0,0.0,596.74,0.0,4.0,2024-05-31,True,True,596.74,28.0,False,0.0,1.0
江西省,2024-05,2024-05-21,0.0,129.86,0.0,129.86,https://www.celma.org.cn/dfzfxjh/61033.jhtml,129.86,0.0,129.86,0.0,0.0,6.0,2024-05-30,True,True,129.86,7.0,False,-0.0,1.0
河北省,2024-05,2024-04-22,0.0,120.0,275.32,395.32,https://www.celma.org.cn/dfzfxjh/60625.jhtml,489.89,90.0,44.99,354.9,0.0,8.0,2024-05-30,True,True,489.89,27.0,False,94.57,1.24
河南省,2024-05,2024-05-27,0.0,0.0,133.26,133.26,https://www.celma.org.cn/dfzfxjh/61102.jhtml,133.26,0.0,0.0,133.26,0.0,1.0,2024-05-28,True,True,133.26,1.0,False,0.0,1.0
浙江省,2024-05,2024-05-20,0.0,232.64,0.0,232.64,https://www.celma.org.cn/dfzfxjh/61265.jhtml,232.64,0.0,232.64,0.0,0.0,5.0,2024-05-21,True,True,232.64,1.0,False,0.0,1.0
海南省,2024-05,2024-04-30,,,,,https://www.celma.org.cn/dfzfxjh/60760.jhtml,223.51,0.0,160.0,63.51,0.0,8.0,2024-05-23,True,True,223.51,15.0,False,,
深圳市,2024-05,2024-03-26,0.0,100.0,5.29,105.29,https://www.celma.org.cn/dfzfxjh/60339.jhtml,82.3,0.0,82.3,0.0,0.0,7.0,2024-05-27,True,True,82.3,42.0,True,-22.99,0.78
湖北省,2024-05,2024-04-19,0.0,305.85,349.97,655.82,https://www.celma.org.cn/dfzfxjh/63777.jhtml,655.83,0.0,305.85,349.98,0.0,17.0,2024-05-31,True,True,655.83,29.0,True,0.01,1.0
湖南省,2024-05,2024-04-15,0.0,0.0,180.59,180.59,https://www.celma.org.cn/dfzfxjh/60442.jhtml,282.98,0.0,102.39,180.59,0.0,5.0,2024-05-15,True,True,282.98,21.0,True,102.39,1.57
甘肃省,2024-05,2024-04-19,0.0,100.0,0.0,100.0,https://www.celma.org.cn/dfzfxjh/60588.jhtml,110.42,0.0,110.42,0.0,0.0,4.0,2024-05-30,True,True,110.42,28.0,True,10.42,1.1
福建省,2024-05,2024-04-19,0.0,200.0,117.0,317.0,https://www.celma.org.cn/dfzfxjh/60632.jhtml,316.63,0.0,200.01,116.62,0.0,7.0,2024-05-07,True,True,316.63,10.0,True,-0.37,1.0
西藏自治区,2024-05,2025-05-22,0.0,0.0,0.0,0.0,https://www.celma.org.cn/dfzfxjh/64907.jhtml,,,,,,,,True,False,,,False,,
贵州省,2024-05,2024-04-22,0.0,0.0,136.0,136.0,https://www.celma.org.cn/dfzfxjh/61072.jhtml,136.0,0.0,0.0,136.0,0.0,2.0,2024-05-07,True,True,136.0,9.0,False,0.0,1.0
辽宁省,2024-05,2024-06-11,23.9,0.0,116.53,140.43,https://www.celma.org.cn/dfzfxjh/61219.jhtml,140.43,23.9,0.0,116.53,0.0,3.0,2024-05-14,True,True,140.43,-19.0,False,0.0,1.0
重庆市,2024-05,2025-05-22,0.0,36.06,191.3,227.36,https://www.celma.org.cn/dfzfxjh/64893.jhtml,227.36,0.0,36.06,191.3,0.0,6.0,2024-05-27,True,True,227.36,-245.0,False,0.0,1.0
陕西省,2024-05,2024-06-05,13.38,101.01,0.0,114.39,https://www.celma.org.cn/dfzfxjh/61176.jhtml,114.39,13.38,101.01,0.0,0.0,6.0,2024-05-31,True,True,114.39,-3.0,False,-0.0,1.0
青岛市,2024-05,2024-05-14,0.0,52.02,35.71,87.73,https://www.celma.org.cn/dfzfxjh/60927.jhtml,87.73,0.0,52.02,35.71,0.0,8.0,2024-05-09,True,True,87.73,-4.0,False,-0.0,1.0
青海省,2024-05,2024-04-12,0.0,0.0,61.23,61.23,https://www.celma.org.cn/dfzfxjh/60439.jhtml,,,,,,,,True,False,,,True,,
黑龙江省,2024-05,2024-04-18,0.0,0.0,0.0,0.0,https://www.celma.org.cn/dfzfxjh/60473.jhtml,,,,,,,,True,False,,,True,,
上海市,2024-06,2024-05-20,0.0,0.0,0.0,0.0,https://www.celma.org.cn/dfzfxjh/61010.jhtml,,,,,,,,True,False,,,True,,
内蒙古自治区,2024-06,2024-06-28,0.0,0.0,0.0,0.0,https://www.celma.org.cn/dfzfxjh/61609.jhtml,,,,,,,,True,False,,,False,,
北京市,2024-06,2024-05-14,0.0,84.6,382.1,466.7,https://www.celma.org.cn/dfzfxjh/60931.jhtml,466.7,0.0,84.6,382.1,0.0,15.0,2024-06-17,True,True,466.7,23.0,True,-0.0,1.0
吉林省,2024-06,2024-05-20,0.0,52.57,4.5,57.07,https://www.celma.org.cn/dfzfxjh/61003.jhtml,57.07,0.0,52.57,4.5,0.0,3.0,2024-06-20,True,True,57.07,22.0,True,0.0,1.0
四川省,2024-06,2024-05-20,0.0,400.0,0.0,400.0,https://www.celma.org.cn/dfzfxjh/61005.jhtml,,,,,,,,True,False,,,True,,
大连市,2024-06,2024-06-19,0.0,9.84,0.0,9.84,https://www.celma.org.cn/dfzfxjh/61436.jhtml,9.85,0.0,9.85,0.0,0.0,2.0,2024-06-26,True,True,9.85,5.0,False,0.01,1.0
天津市,2024-06,2024-07-01,0.0,29.9,87.2,117.1,https://www.celma.org.cn/dfzfxjh/61624.jhtml,117.1,0.0,29.9,87.2,0.0,6.0,2024-06-20,True,True,117.1,-7.0,False,0.0,1.0
宁夏回族自治区,2024-06,2024-05-16,55.0,3.5,60.86,119.36,https://www.celma.org.cn/dfzfxjh/60956.jhtml,60.86,0.0,0.0,60.86,0.0,2.0,2024-06-06,True,True,60.86,15.0,True,-58.5,0.51
安徽省,2024-06,2024-06-07,70.94,313.96,248.34,633.25,https://www.celma.org.cn/dfzfxjh/61192.jhtml,633.25,70.95,313.96,248.34,0.0,16.0,2024-06-18,True,True,633.25,6.0,False,0.0,1.0
山东省,2024-06,2024-05-17,0.0,300.0,270.16,570.16,https://www.celma.org.cn/dfzfxjh/60970.jhtml,467.98,0.0,215.08,252.9,0.0,6.0,2024-06-17,True,True,467.98,20.0,True,-102.18,0.82
山西省,2024-06,2024-05-10,0.0,0.0,137.9,137.9,https://www.celma.org.cn/dfzfxjh/60828.jhtml,129.64,0.0,0.0,129.64,0.0,2.0,2024-06-21,True,True,129.64,30.0,True,-8.26,0.94
广东省,2024-06,2024-05-20,0.0,0.0,0.0,0.0,https://www.celma.org.cn/dfzfxjh/61014.jhtml,412.43,0.0,263.38,149.05,0.0,10.0,2024-06-12,True,True,412.43,16.0,True,412.43,
广西壮族自治区,2024-06,2024-05-20,0.0,0.0,0.0,0.0,https://www.celma.org.cn/dfzfxjh/61045.jhtml,116.37,14.4,15.2,86.77,0.0,3.0,2024-06-20,True,True,116.37,22.0,True,116.37,
新疆维吾尔自治区,2024-06,2024-05-31,15.0,45.0,0.0,60.0,https://www.celma.org.cn/dfzfxjh/61164.jhtml,68.66,11.77,56.89,0.0,0.0,6.0,2024-06-27,True,True,68.66,18.0,False,8.66,1.14
江苏省,2024-06,2024-05-20,0.0,470.1,0.0,470.1,https://www.celma.org.cn/dfzfxjh/61019.jhtml,460.81,0.0,460.81,0.0,0.0,5.0,2024-06-19,True,True,460.81,21.0,True,-9.29,0.98
江西省,2024-06,2024-05-21,0.0,0.0,0.0,0.0,https://www.celma.org.cn/dfzfxjh/61034.jhtml,118.08,0.0,0.0,118.08,0.0,2.0,2024-06-14,True,True,118.08,17.0,False,118.08,
河北省,2024-06,2024-05-20,0.0,176.7,21.71,198.41,https://www.celma.org.cn/dfzfxjh/61007.jhtml,675.71,0.0,575.66,100.05,0.0,13.0,2024-06-28,True,True,675.71,28.0,True,477.3,3.41
河南省,2024-06,2024-05-27,0.0,0.0,290.58,290.58,https://www.celma.org.cn/dfzfxjh/61109.jhtml,910.43,0.0,520.0,390.43,0.0,4.0,2024-06-06,True,True,910.43,8.0,False,619.85,3.13
浙江省,2024-06,2024-05-20,0.0,173.34,176.45,349.79,https://www.celma.org.cn/dfzfxjh/61266.jhtml,349.79,0.0,173.34,176.45,0.0,5.0,2024-06-17,True,True,349.79,19.0,True,0.0,1.0
海南省,2024-06,2024-05-20,0.0,0.0,0.0,0.0,https://www.celma.org.cn/dfzfxjh/61001.jhtml,,,,,,,,True,False,,,True,,
深圳市,2024-06,2024-03-26,0.0,100.0,39.9,139.9,https://www.celma.org.cn/dfzfxjh/60340.jhtml,138.29,0.0,93.1,45.19,0.0,14.0,2024-06-17,True,True,138.29,56.0,True,-1.61,0.99
湖北省,2024-06,2024-05-17,0.0,319.69,0.0,319.69,https://www.celma.org.cn/dfzfxjh/63778.jhtml,319.69,0.0,319.69,0.0,0.0,11.0,2024-06-21,True,True,319.69,24.0,True,0.0,1.0
湖南省,2024-06,2024-05-15,0.0,0.0,0.0,0.0,https://www.celma.org.cn/dfzfxjh/60938.jhtml,92.2,0.0,51.96,40.24,0.0,5.0,2024-06-18,True,True,92.2,23.0,True,92.2,
甘肃省,2024-06,2024-05-20,0.0,0.0,35.0,35.0,https://www.celma.org.cn/dfzfxjh/61015.jhtml,,,,,,,,True,False,,,True,,
西藏自治区,2024-06,2024-06-03,29.0,14.0,0.0,43.0,https://www.celma.org.cn/dfzfxjh/61168.jhtml,,,,,,,,True,False,,,False,,
贵州省,2024-06,2024-05-20,0.0,0.0,164.66,164.66,https://www.celma.org.cn/dfzfxjh/61073.jhtml,163.77,0.0,0.0,163.77,0.0,1.0,2024-06-18,True,True,163.77,20.0,True,-0.89,0.99
辽宁省,2024-06,2025-05-20,0.0,0.0,0.0,0.0,https://www.celma.org.cn/dfzfxjh/64844.jhtml,,,,,,,,True,False,,,False,,
重庆市,2024-06,2024-05-23,0.0,0.0,248.03,248.03,https://www.celma.org.cn/dfzfxjh/61058.jhtml,253.79,0.0,5.76,248.03,0.0,4.0,2024-06-20,True,True,253.79,19.0,False,5.76,1.02
陕西省,2024-06,2024-08-19,91.68,0.0,130.08,221.76,https://www.celma.org.cn/dfzfxjh/62088.jhtml,221.76,91.68,0.0,130.08,0.0,3.0,2024-06-06,True,True,221.76,-51.0,False,0.0,1.0
青岛市,2024-06,2024-05-21,0.0,0.0,0.0,0.0,https://www.celma.org.cn/dfzfxjh/61030.jhtml,60.2,18.0,42.2,0.0,0.0,6.0,2024-06-18,True,True,60.2,19.0,False,60.2,
青海省,2024-06,2024-06-14,54.0,0.0,169.26,223.26,https://www.celma.org.cn/dfzfxjh/61327.jhtml,223.26,54.0,0.0,169.26,0.0,3.0,2024-06-18,True,True,223.26,2.0,False,0.0,1.0
黑龙江省,2024-06,2024-05-16,203.0,117.0,0.0,320.0,https://www.celma.org.cn/dfzfxjh/60960.jhtml,186.69,143.89,42.8,0.0,0.0,9.0,2024-06-28,True,True,186.69,30.0,True,-133.31,0.58
上海市,2024-07,2024-06-28,0.0,0.0,579.0,579.0,https://www.celma.org.cn/dfzfxjh/61689.jhtml,579.0,0.0,0.0,579.0,0.0,7.0,2024-07-25,True,True,579.0,19.0,False,0.0,1.0
云南省,2024-07,2024-06-27,0.0,0.0,198.78,198.78,https://www.celma.org.cn/dfzfxjh/61553.jhtml,304.48,0.0,0.0,304.48,0.0,4.0,2024-07-02,True,True,304.48,3.0,False,105.7,1.53
内蒙古自治区,2024-07,2024-06-20,0.0,0.0,107.44,107.44,https://www.celma.org.cn/dfzfxjh/61466.jhtml,137.44,30.0,0.0,107.44,0.0,3.0,2024-07-01,True,True,137.44,7.0,True,30.0,1.28
北京市,2024-07,2024-06-12,0.0,0.0,244.64,244.64,https://www.celma.org.cn/dfzfxjh/61235.jhtml,244.65,0.0,0.0,244.65,0.0,5.0,2024-07-09,True,True,244.65,19.0,True,0.01,1.0
厦门市,2024-07,2024-06-19,4.0,100.0,100.0,204.0,https://www.celma.org.cn/dfzfxjh/65121.jhtml,220.62,5.0,111.08,104.54,0.0,15.0,2024-07-11,True,True,220.62,16.0,True,16.62,1.08
吉林省,2024-07,2024-06-19,7.82,80.0,143.29,231.11,https://www.celma.org.cn/dfzfxjh/61428.jhtml,271.6,53.72,74.59,143.29,0.0,12.0,2024-07-11,True,True,271.6,16.0,True,40.49,1.18
四川省,2024-07,2024-06-20,0.0,400.0,238.0,638.0,https://www.celma.org.cn/dfzfxjh/61447.jhtml,238.12,0.0,0.0,238.12,0.0,4.0,2024-07-11,True,True,238.12,15.0,True,-399.88,0.37
大连市,2024-07,2024-07-26,6.0,94.96,0.0,100.96,https://www.celma.org.cn/dfzfxjh/61852.jhtml,100.95,6.0,94.95,0.0,0.0,6.0,2024-07-05,True,True,100.95,-15.0,False,-0.01,1.0
天津市,2024-07,2024-07-29,0.0,0.0,0.0,0.0,https://www.celma.org.cn/dfzfxjh/61867.jhtml,,,,,,,,True,False,,,False,,
宁夏回族自治区,2024-07,2024-06-13,50.0,3.5,24.21,77.71,https://www.celma.org.cn/dfzfxjh/61256.jhtml,54.49,26.78,3.5,24.21,0.0,7.0,2024-07-17,True,True,54.49,24.0,True,-23.22,0.7
安徽省,2024-07,2024-06-20,,,21.98,21.98,https://www.celma.org.cn/dfzfxjh/61453.jhtml,89.29,0.0,67.31,21.98,0.0,6.0,2024-07-16,True,True,89.29,18.0,True,67.31,4.06
山东省,2024-07,2024-06-20,0.0,250.0,125.0,375.0,https://www.celma.org.cn/dfzfxjh/61451.jhtml,446.25,0.0,0.0,446.25,0.0,3.0,2024-07-19,True,True,446.25,21.0,True,71.25,1.19
山西省,2024-07,2024-06-18,43.0,127.0,50.48,220.48,https://www.celma.org.cn/dfzfxjh/61402.jhtml,325.78,48.85,226.45,50.48,0.0,9.0,2024-07-10,True,True,325.78,16.0,True,105.3,1.48
广东省,2024-07,2024-06-20,0.0,0.0,0.0,0.0,https://www.celma.org.cn/dfzfxjh/61458.jhtml,,,,,,,,True,False,,,True,,
广西壮族自治区,2024-07,2024-06-10,0.0,0.0,0.0,0.0,https://www.celma.org.cn/dfzfxjh/64960.jhtml,,,,,,,,True,False,,,True,,
新疆维吾尔自治区,2024-07,2024-06-21,20.0,50.0,86.63,156.63,https://www.celma.org.cn/dfzfxjh/61493.jhtml,786.42,21.04,678.83,86.55,0.0,12.0,2024-07-11,True,True,786.42,14.0,False,629.79,5.02
江苏省,2024-07,2024-06-18,0.0,0.0,0.0,0.0,https://www.celma.org.cn/dfzfxjh/61396.jhtml,,,,,,,,True,False,,,True,,
江西省,2024-07,2024-06-19,0.0,69.87,213.78,283.65,https://www.celma.org.cn/dfzfxjh/61415.jhtml,283.63,0.0,69.86,213.77,0.0,12.0,2024-07-03,True,True,283.63,10.0,True,-0.02,1.0
河北省,2024-07,2024-06-20,180.0,240.0,102.0,522.0,https://www.celma.org.cn/dfzfxjh/61459.jhtml,205.04,123.12,81.92,0.0,0.0,7.0,2024-07-26,True,True,205.04,26.0,True,-316.96,0.39
河南省,2024-07,2024-06-19,0.0,244.82,0.0,244.82,https://www.celma.org.cn/dfzfxjh/62680.jhtml,244.82,0.0,244.82,0.0,0.0,9.0,2024-07-16,True,True,244.82,19.0,True,0.0,1.0
浙江省,2024-07,2024-06-20,0.0,200.0,155.0,355.0,https://www.celma.org.cn/dfzfxjh/61460.jhtml,355.3,0.0,204.0,151.3,0.0,2.0,2024-07-26,True,True,355.3,26.0,True,0.3,1.0
海南省,2024-07,2024-06-17,0.0,0.0,0.0,0.0,https://www.celma.org.cn/dfzfxjh/61338.jhtml,,,,,,,,True,False,,,True,,
深圳市,2024-07,2024-06-20,6.0,100.0,0.0,106.0,https://www.celma.org.cn/dfzfxjh/61444.jhtml,59.06,0.0,59.06,0.0,0.0,9.0,2024-07-29,True,True,59.06,27.0,True,-46.94,0.56
湖北省,2024-07,2024-06-19,0.0,0.0,233.78,233.78,https://www.celma.org.cn/dfzfxjh/63779.jhtml,233.79,0.0,0.0,233.79,0.0,9.0,2024-07-18,True,True,233.79,21.0,True,0.01,1.0
湖南省,2024-07,2024-06-13,0.0,0.0,0.0,0.0,https://www.celma.org.cn/dfzfxjh/61251.jhtml,279.78,0.0,0.0,279.78,0.0,2.0,2024-07-12,True,True,279.78,21.0,True,279.78,
甘肃省,2024-07,2024-06-20,59.26,200.0,35.35,294.61,https://www.celma.org.cn/dfzfxjh/61456.jhtml,356.84,59.26,262.23,35.35,0.0,10.0,2024-07-09,True,True,356.84,13.0,True,62.23,1.21
福建省,2024-07,2024-06-19,0.0,0.0,276.44,276.44,https://www.celma.org.cn/dfzfxjh/61403.jhtml,276.45,0.0,0.0,276.45,0.0,4.0,2024-07-18,True,True,276.45,21.0,True,0.01,1.0
西藏自治区,2024-07,2024-06-21,29.0,2.0,0.0,31.0,https://www.celma.org.cn/dfzfxjh/61477.jhtml,,,,,,,,True,False,,,False,,
贵州省,2024-07,2024-06-13,0.0,145.0,129.79,274.79,https://www.celma.org.cn/dfzfxjh/61247.jhtml,,,,,,,,True,False,,,True,,
辽宁省,2024-07,2024-08-15,0.0,58.0,63.81,121.81,https://www.celma.org.cn/dfzfxjh/62028.jhtml,121.82,0.0,58.0,63.82,0.0,7.0,2024-07-04,True,True,121.82,-30.0,False,0.01,1.0
重庆市,2024-07,2024-06-20,0.0,0.0,240.7,240.7,https://www.celma.org.cn/dfzfxjh/61452.jhtml,240.7,0.0,0.0,240.7,0.0,3.0,2024-07-11,True,True,240.7,15.0,True,0.0,1.0
陕西省,2024-07,2024-08-19,11.76,501.0,9.05,521.81,https://www.celma.org.cn/dfzfxjh/62089.jhtml,521.81,11.76,501.0,9.05,0.0,4.0,2024-07-29,True,True,521.81,-15.0,False,0.0,1.0
青岛市,2024-07,2024-07-01,0.0,31.0,53.16,84.16,https://www.celma.org.cn/dfzfxjh/61626.jhtml,130.2,0.0,77.1,53.1,0.0,10.0,2024-07-04,True,True,130.2,3.0,False,46.04,1.55
青海省,2024-07,2024-06-14,0.0,0.0,0.0,0.0,https://www.celma.org.cn/dfzfxjh/61323.jhtml,,,,,,,,True,False,,,True,,
黑龙江省,2024-07,2024-06-19,0.0,126.0,0.0,126.0,https://www.celma.org.cn/dfzfxjh/61417.jhtml,,,,,,,,True,False,,,True,,
上海市,2024-08,2024-07-19,0.0,0.0,0.0,0.0,https://www.celma.org.cn/dfzfxjh/61831.jhtml,,,,,,,,True,False,,,True,,
云南省,2024-08,2024-07-19,0.0,0.0,203.65,203.65,https://www.celma.org.cn/dfzfxjh/61804.jhtml,538.7,68.71,266.34,203.65,0.0,11.0,2024-08-14,True,True,538.7,18.0,True,335.05,2.65
内蒙古自治区,2024-08,2024-07-17,92.26,132.42,11.39,236.07,https://www.celma.org.cn/dfzfxjh/62572.jhtml,236.07,92.26,132.42,11.39,0.0,6.0,2024-08-15,True,True,236.07,21.0,True,0.0,1.0
北京市,2024-08,2024-07-23,75.0,439.1,60.7,574.8,https://www.celma.org.cn/dfzfxjh/61830.jhtml,135.7,75.0,0.0,60.7,0.0,9.0,2024-08-20,True,True,135.7,20.0,False,-439.1,0.24
吉林省,2024-08,2024-07-19,7.04,282.27,117.37,406.68,https://www.celma.org.cn/dfzfxjh/62227.jhtml,406.68,7.04,282.27,117.37,0.0,8.0,2024-08-22,True,True,406.68,24.0,True,0.0,1.0
四川省,2024-08,2024-07-19,150.0,450.0,117.0,717.0,https://www.celma.org.cn/dfzfxjh/61798.jhtml,1013.78,0.0,897.13,116.65,0.0,16.0,2024-08-16,True,True,1013.78,20.0,True,296.78,1.41
天津市,2024-08,2024-08-26,228.43,23.3,277.56,529.29,https://www.celma.org.cn/dfzfxjh/62181.jhtml,529.29,228.43,23.3,277.56,0.0,13.0,2024-08-01,True,True,529.29,-17.0,False,0.0,1.0
宁夏回族自治区,2024-08,2024-07-11,23.0,0.0,25.58,48.58,https://www.celma.org.cn/dfzfxjh/61729.jhtml,39.92,14.34,0.0,25.58,0.0,3.0,2024-08-20,True,True,39.92,28.0,True,-8.66,0.82
安徽省,2024-08,2024-07-19,,,391.96,391.96,https://www.celma.org.cn/dfzfxjh/61805.jhtml,477.79,0.0,85.83,391.96,0.0,15.0,2024-08-08,True,True,477.79,14.0,True,85.83,1.22
山东省,2024-08,2024-07-18,0.0,250.0,448.0,698.0,https://www.celma.org.cn/dfzfxjh/61786.jhtml,1127.18,57.38,958.04,111.76,0.0,17.0,2024-08-15,True,True,1127.18,20.0,True,429.18,1.61
山西省,2024-08,2024-07-18,43.06,342.27,83.46,468.79,https://www.celma.org.cn/dfzfxjh/61775.jhtml,249.09,37.21,128.42,83.46,0.0,13.0,2024-08-21,True,True,249.09,24.0,True,-219.7,0.53
广东省,2024-08,2024-08-10,71.24,142.64,102.19,316.07,https://www.celma.org.cn/dfzfxjh/61970.jhtml,870.97,89.25,679.53,102.19,0.0,18.0,2024-08-06,True,True,870.97,-3.0,False,554.9,2.76
广西壮族自治区,2024-08,,,,,,,226.65,31.82,194.83,0.0,0.0,5.0,2024-08-13,False,True,226.65,,,,
新疆生产建设兵团,2024-08,2024-08-18,34.0,61.0,0.0,95.0,https://www.celma.org.cn/dfzfxjh/62079.jhtml,95.0,34.0,61.0,0.0,0.0,5.0,2024-08-15,True,True,95.0,-1.0,False,0.0,1.0
新疆维吾尔自治区,2024-08,2024-07-25,50.0,50.0,0.0,100.0,https://www.celma.org.cn/dfzfxjh/61851.jhtml,81.09,46.66,34.43,0.0,0.0,10.0,2024-08-08,True,True,81.09,10.0,False,-18.91,0.81
江苏省,2024-08,2024-07-19,84.0,500.0,0.0,584.0,https://www.celma.org.cn/dfzfxjh/61800.jhtml,764.0,84.0,680.0,0.0,0.0,3.0,2024-08-23,True,True,764.0,25.0,True,180.0,1.31
江西省,2024-08,2024-07-17,0.0,0.0,138.41,138.41,https://www.celma.org.cn/dfzfxjh/61773.jhtml,427.42,94.88,194.13,138.41,0.0,20.0,2024-08-09,True,True,427.42,17.0,True,289.01,3.09
河北省,2024-08,2024-07-18,60.0,100.0,58.0,218.0,https://www.celma.org.cn/dfzfxjh/61787.jhtml,161.37,15.31,87.94,58.12,0.0,6.0,2024-08-14,True,True,161.37,19.0,True,-56.63,0.74
河南省,2024-08,2024-07-19,0.0,154.26,125.5,279.76,https://www.celma.org.cn/dfzfxjh/62681.jhtml,279.77,0.0,154.27,125.5,0.0,12.0,2024-08-13,True,True,279.77,17.0,True,0.01,1.0
浙江省,2024-08,2024-07-19,0.0,429.68,61.56,491.24,https://www.celma.org.cn/dfzfxjh/62512.jhtml,491.24,0.0,429.68,61.56,0.0,6.0,2024-08-26,True,True,491.24,26.0,True,0.0,1.0
海南省,2024-08,2024-07-17,,,,,https://www.celma.org.cn/dfzfxjh/61771.jhtml,143.5,0.0,0.0,143.5,0.0,6.0,2024-08-08,True,True,143.5,16.0,True,,
深圳市,2024-08,2024-06-20,0.0,100.0,0.0,100.0,https://www.celma.org.cn/dfzfxjh/61445.jhtml,174.95,9.0,165.95,0.0,0.0,16.0,2024-08-08,True,True,174.95,35.0,True,74.95,1.75
湖北省,2024-08,2024-07-17,0.0,296.94,0.0,296.94,https://www.celma.org.cn/dfzfxjh/63780.jhtml,296.94,0.0,296.94,0.0,0.0,20.0,2024-08-08,True,True,296.94,16.0,True,0.0,1.0
湖南省,2024-08,2024-07-15,0.0,0.0,0.0,0.0,https://www.celma.org.cn/dfzfxjh/61742.jhtml,939.1,101.03,838.07,0.0,0.0,14.0,2024-08-06,True,True,939.1,16.0,True,939.1,
甘肃省,2024-08,2024-07-19,0.0,0.0,0.0,0.0,https://www.celma.org.cn/dfzfxjh/61808.jhtml,,,,,,,,True,False,,,True,,
福建省,2024-08,2024-08-08,115.0,610.0,0.0,725.0,https://www.celma.org.cn/dfzfxjh/61936.jhtml,725.0,115.0,610.0,0.0,0.0,9.0,2024-08-06,True,True,725.0,-2.0,False,0.0,1.0
西藏自治区,2024-08,2024-07-26,29.0,2.0,0.0,31.0,https://www.celma.org.cn/dfzfxjh/61864.jhtml,300.0,48.0,224.61,27.39,0.0,11.0,2024-08-26,True,True,300.0,21.0,False,269.0,9.68
贵州省,2024-08,2024-07-19,,,,,https://www.celma.org.cn/dfzfxjh/61799.jhtml,84.58,0.0,0.0,84.58,0.0,1.0,2024-08-20,True,True,84.58,22.0,True,,
辽宁省,2024-08,2024-09-10,0.0,0.0,297.7,297.7,https://www.celma.org.cn/dfzfxjh/62341.jhtml,297.7,0.0,0.0,297.7,0.0,2.0,2024-08-27,True,True,297.7,-10.0,False,0.0,1.0
重庆市,2024-08,2024-07-22,90.0,245.0,0.0,335.0,https://www.celma.org.cn/dfzfxjh/61821.jhtml,525.81,84.91,440.9,0.0,0.0,8.0,2024-08-08,True,True,525.81,13.0,False,190.81,1.57
陕西省,2024-08,2024-09-06,52.79,82.48,16.26,151.53,https://www.celma.org.cn/dfzfxjh/62305.jhtml,151.53,52.79,82.48,16.26,0.0,5.0,2024-08-30,True,True,151.53,-5.0,False,-0.0,1.0
青岛市,2024-08,2024-08-15,0.0,70.4,27.5,97.9,https://www.celma.org.cn/dfzfxjh/62035.jhtml,97.9,0.0,70.4,27.5,0.0,7.0,2024-08-23,True,True,97.9,6.0,False,0.0,1.0
青海省,2024-08,2024-07-12,50.0,32.0,0.9,82.9,https://www.celma.org.cn/dfzfxjh/61733.jhtml,68.0,36.0,32.0,0.0,0.0,2.0,2024-08-22,True,True,68.0,29.0,True,-14.9,0.82
黑龙江省,2024-08,2024-07-19,168.7,31.54,134.55,334.79,https://www.celma.org.cn/dfzfxjh/61801.jhtml,134.55,0.0,0.0,134.55,0.0,2.0,2024-08-01,True,True,134.55,9.0,True,-200.24,0.4
上海市,2024-09,2024-08-23,117.0,290.0,0.0,407.0,https://www.celma.org.cn/dfzfxjh/62223.jhtml,407.0,117.0,290.0,0.0,0.0,12.0,2024-09-25,True,True,407.0,22.0,False,0.0,1.0
云南省,2024-09,2024-09-19,0.0,564.66,0.0,564.66,https://www.celma.org.cn/dfzfxjh/62504.jhtml,564.66,0.0,564.66,0.0,0.0,8.0,2024-09-10,True,True,564.66,-6.0,False,0.0,1.0
内蒙古自治区,2024-09,2024-08-19,0.0,0.0,92.99,92.99,https://www.celma.org.cn/dfzfxjh/62573.jhtml,92.99,0.0,0.0,92.99,0.0,1.0,2024-09-10,True,True,92.99,16.0,True,0.0,1.0
北京市,2024-09,2024-08-19,0.0,423.15,0.0,423.15,https://www.celma.org.cn/dfzfxjh/62105.jhtml,544.02,0.0,544.02,0.0,0.0,9.0,2024-09-26,True,True,544.02,27.0,True,120.87,1.29
吉林省,2024-09,2024-08-19,50.0,50.0,15.99,115.99,https://www.celma.org.cn/dfzfxjh/62104.jhtml,46.1,8.72,21.39,15.99,0.0,7.0,2024-09-19,True,True,46.1,22.0,True,-69.89,0.4
四川省,2024-09,2024-08-20,150.0,400.0,0.0,550.0,https://www.celma.org.cn/dfzfxjh/62116.jhtml,712.84,151.96,560.88,0.0,0.0,10.0,2024-09-11,True,True,712.84,16.0,True,162.84,1.3
大连市,2024-09,2025-05-21,0.0,62.2,0.0,62.2,https://www.celma.org.cn/dfzfxjh/64870.jhtml,62.2,0.0,62.2,0.0,0.0,4.0,2024-09-20,True,True,62.2,-162.0,False,-0.0,1.0
天津市,2024-09,2024-10-08,0.0,368.27,0.0,368.27,https://www.celma.org.cn/dfzfxjh/62682.jhtml,368.27,0.0,368.27,0.0,0.0,15.0,2024-09-27,True,True,368.27,-3.0,False,0.0,1.0
宁夏回族自治区,2024-09,2024-08-09,27.0,30.0,0.0,57.0,https://www.celma.org.cn/dfzfxjh/61952.jhtml,,,,,,,,True,False,,,True,,
宁波市,2024-09,2024-08-21,3.0,180.0,24.2,207.2,https://www.celma.org.cn/dfzfxjh/62136.jhtml,207.2,3.0,180.0,24.2,0.0,10.0,2024-09-20,True,True,207.2,21.0,False,0.0,1.0
安徽省,2024-09,2024-08-20,56.63,528.07,0.0,584.7,https://www.celma.org.cn/dfzfxjh/62117.jhtml,584.7,56.63,528.07,0.0,0.0,11.0,2024-09-19,True,True,584.7,21.0,True,0.0,1.0
山东省,2024-09,2024-08-20,50.0,250.0,0.0,300.0,https://www.celma.org.cn/dfzfxjh/62123.jhtml,272.45,0.0,272.45,0.0,0.0,8.0,2024-09-19,True,True,272.45,21.0,True,-27.55,0.91
山西省,2024-09,2024-08-19,0.0,114.4,37.62,152.02,https://www.celma.org.cn/dfzfxjh/62084.jhtml,152.0,0.0,114.39,37.61,0.0,8.0,2024-09-10,True,True,152.0,16.0,True,-0.02,1.0
广东省,2024-09,2025-01-06,0.0,846.36,0.0,846.36,https://www.celma.org.cn/dfzfxjh/63542.jhtml,846.36,0.0,846.36,0.0,0.0,10.0,2024-09-10,True,True,846.36,-79.0,False,0.0,1.0
广西壮族自治区,2024-09,2024-08-14,0.0,171.0,94.94,265.94,https://www.celma.org.cn/dfzfxjh/62018.jhtml,329.7,66.59,168.17,94.94,0.0,12.0,2024-09-09,True,True,329.7,18.0,True,63.76,1.24
新疆生产建设兵团,2024-09,2024-09-27,0.0,50.0,0.0,50.0,https://www.celma.org.cn/dfzfxjh/62645.jhtml,50.0,0.0,50.0,0.0,0.0,4.0,2024-09-26,True,True,50.0,-1.0,False,0.0,1.0
新疆维吾尔自治区,2024-09,2024-09-04,75.0,100.0,0.0,175.0,https://www.celma.org.cn/dfzfxjh/62278.jhtml,675.59,55.17,620.42,0.0,0.0,12.0,2024-09-12,True,True,675.59,6.0,False,500.59,3.86
江苏省,2024-09,2024-08-16,0.0,120.0,222.08,342.08,https://www.celma.org.cn/dfzfxjh/62073.jhtml,1087.12,0.0,865.04,222.08,0.0,8.0,2024-09-12,True,True,1087.12,19.0,True,745.04,3.18
江西省,2024-09,2024-08-19,0.0,0.0,0.0,0.0,https://www.celma.org.cn/dfzfxjh/62099.jhtml,907.24,0.0,805.34,101.9,0.0,16.0,2024-09-11,True,True,907.24,17.0,True,907.24,
河北省,2024-09,2024-08-20,43.0,216.0,85.0,344.0,https://www.celma.org.cn/dfzfxjh/62109.jhtml,580.9,42.97,425.18,112.75,0.0,14.0,2024-09-09,True,True,580.9,14.0,True,236.9,1.69
河南省,2024-09,2024-08-19,154.99,238.82,10.57,404.38,https://www.celma.org.cn/dfzfxjh/62690.jhtml,404.38,154.99,238.82,10.57,0.0,12.0,2024-09-12,True,True,404.38,18.0,True,-0.0,1.0
浙江省,2024-09,2024-08-19,64.0,295.75,0.0,359.75,https://www.celma.org.cn/dfzfxjh/62513.jhtml,359.75,64.0,295.75,0.0,0.0,8.0,2024-09-25,True,True,359.75,26.0,True,0.0,1.0
海南省,2024-09,2024-08-20,,,,,https://www.celma.org.cn/dfzfxjh/62122.jhtml,245.49,71.5,173.99,0.0,0.0,14.0,2024-09-13,True,True,245.49,18.0,True,,
深圳市,2024-09,2024-06-20,0.0,160.0,8.13,168.13,https://www.celma.org.cn/dfzfxjh/61446.jhtml,200.57,0.0,192.44,8.13,0.0,21.0,2024-09-23,True,True,200.57,66.0,True,32.44,1.19
湖北省,2024-09,2024-08-14,0.0,611.27,89.67,700.94,https://www.celma.org.cn/dfzfxjh/63781.jhtml,700.93,0.0,611.27,89.66,0.0,17.0,2024-09-11,True,True,700.93,20.0,True,-0.01,1.0
湖南省,2024-09,2024-08-15,0.0,0.0,168.81,168.81,https://www.celma.org.cn/dfzfxjh/62191.jhtml,489.53,7.6,233.05,248.88,0.0,13.0,2024-09-03,True,True,489.53,13.0,True,320.72,2.9
甘肃省,2024-09,2024-08-20,0.0,130.0,71.52,201.52,https://www.celma.org.cn/dfzfxjh/62124.jhtml,233.36,0.0,233.36,0.0,0.0,12.0,2024-09-10,True,True,233.36,15.0,True,31.84,1.16
福建省,2024-09,2024-08-19,0.0,0.0,66.97,66.97,https://www.celma.org.cn/dfzfxjh/62097.jhtml,66.97,0.0,0.0,66.97,0.0,2.0,2024-09-12,True,True,66.97,18.0,True,0.0,1.0
西藏自治区,2024-09,2024-08-19,2.0,128.29,8.55,138.84,https://www.celma.org.cn/dfzfxjh/62106.jhtml,,,,,,,,True,False,,,True,,
贵州省,2024-09,2024-08-19,0.0,291.55,183.2,474.75,https://www.celma.org.cn/dfzfxjh/62087.jhtml,569.33,0.0,386.13,183.2,0.0,10.0,2024-09-03,True,True,569.33,11.0,True,94.58,1.2
辽宁省,2024-09,2024-10-11,36.0,101.1,0.0,137.1,https://www.celma.org.cn/dfzfxjh/62722.jhtml,137.1,36.0,101.1,0.0,0.0,9.0,2024-09-12,True,True,137.1,-16.0,False,0.0,1.0
重庆市,2024-09,2024-08-23,10.0,205.0,85.0,300.0,https://www.celma.org.cn/dfzfxjh/62170.jhtml,287.37,10.0,192.37,85.0,0.0,8.0,2024-09-19,True,True,287.37,18.0,False,-12.63,0.96
陕西省,2024-09,2024-09-23,35.98,60.66,127.63,224.27,https://www.celma.org.cn/dfzfxjh/62544.jhtml,224.27,35.98,60.66,127.63,0.0,6.0,2024-09-18,True,True,224.27,-3.0,False,-0.0,1.0
青岛市,2024-09,2024-08-15,0.0,0.0,0.0,0.0,https://www.celma.org.cn/dfzfxjh/62029.jhtml,21.2,0.0,21.2,0.0,0.0,5.0,2024-09-13,True,True,21.2,21.0,True,21.2,
青海省,2024-09,2024-08-14,30.0,0.0,0.9,30.9,https://www.celma.org.cn/dfzfxjh/62014.jhtml,,,,,,,,True,False,,,True,,
黑龙江省,2024-09,2024-08-19,181.11,157.54,0.0,338.65,https://www.celma.org.cn/dfzfxjh/62095.jhtml,461.65,159.43,302.22,0.0,0.0,20.0,2024-09-19,True,True,461.65,22.0,True,123.0,1.36
上海市,2024-10,2024-09-20,0.0,0.0,0.0,0.0,https://www.celma.org.cn/dfzfxjh/62520.jhtml,268.0,0.0,90.0,178.0,0.0,10.0,2024-10-31,True,True,268.0,26.0,True,268.0,
内蒙古自治区,2024-10,2024-10-08,0.0,0.0,41.03,41.03,https://www.celma.org.cn/dfzfxjh/62734.jhtml,41.03,0.0,0.0,41.03,0.0,1.0,2024-10-17,True,True,41.03,8.0,False,0.0,1.0
北京市,2024-10,2024-09-13,0.0,0.0,36.55,36.55,https://www.celma.org.cn/dfzfxjh/62409.jhtml,175.21,0.0,138.66,36.55,0.0,11.0,2024-10-29,True,True,175.21,28.0,True,138.66,4.79
厦门市,2024-10,2024-09-23,0.0,133.0,0.0,133.0,https://www.celma.org.cn/dfzfxjh/62545.jhtml,145.92,0.0,132.92,13.0,0.0,14.0,2024-10-30,True,True,145.92,24.0,False,12.92,1.1
吉林省,2024-10,2024-09-25,67.35,58.66,65.31,191.32,https://www.celma.org.cn/dfzfxjh/62770.jhtml,191.32,67.35,58.66,65.31,0.0,8.0,2024-10-22,True,True,191.32,16.0,False,0.0,1.0
四川省,2024-10,2024-09-14,0.0,0.0,114.0,114.0,https://www.celma.org.cn/dfzfxjh/62427.jhtml,334.66,0.0,0.0,334.66,0.0,5.0,2024-10-15,True,True,334.66,17.0,True,220.66,2.94
天津市,2024-10,2024-12-18,92.94,166.63,37.27,296.84,https://www.celma.org.cn/dfzfxjh/63442.jhtml,296.84,92.94,166.63,37.27,0.0,7.0,2024-10-09,True,True,296.84,-51.0,False,0.0,1.0
宁夏回族自治区,2024-10,2024-09-10,20.0,0.0,17.81,37.81,https://www.celma.org.cn/dfzfxjh/62350.jhtml,73.31,25.0,30.5,17.81,0.0,5.0,2024-10-17,True,True,73.31,23.0,True,35.5,1.94
宁波市,2024-10,2024-09-12,0.0,0.0,0.0,0.0,https://www.celma.org.cn/dfzfxjh/62400.jhtml,,,,,,,,True,False,,,True,,
安徽省,2024-10,2024-10-08,0.0,0.0,140.0,140.0,https://www.celma.org.cn/dfzfxjh/62692.jhtml,140.0,0.0,0.0,140.0,0.0,2.0,2024-10-28,True,True,140.0,15.0,False,0.0,1.0
山东省,2024-10,2024-09-20,50.0,300.0,59.0,409.0,https://www.celma.org.cn/dfzfxjh/62524.jhtml,555.48,46.19,450.1,59.19,0.0,11.0,2024-10-23,True,True,555.48,20.0,True,146.48,1.36
山西省,2024-10,2024-09-19,0.0,0.0,0.0,0.0,https://www.celma.org.cn/dfzfxjh/62487.jhtml,,,,,,,,True,False,,,True,,
广东省,2024-10,2024-09-20,0.0,0.0,0.0,0.0,https://www.celma.org.cn/dfzfxjh/62526.jhtml,611.88,0.0,400.0,211.88,0.0,11.0,2024-10-22,True,True,611.88,19.0,True,611.88,
广西壮族自治区,2024-10,2024-09-19,37.0,171.0,0.0,208.0,https://www.celma.org.cn/dfzfxjh/62668.jhtml,186.09,0.0,137.0,49.09,0.0,3.0,2024-10-21,True,True,186.09,19.0,True,-21.91,0.89
新疆维吾尔自治区,2024-10,2024-09-24,88.62,26.86,0.0,115.48,https://www.celma.org.cn/dfzfxjh/62569.jhtml,150.01,55.71,4.3,90.0,0.0,5.0,2024-10-23,True,True,150.01,18.0,False,34.53,1.3
江苏省,2024-10,2024-09-14,0.0,0.0,0.0,0.0,https://www.celma.org.cn/dfzfxjh/62433.jhtml,625.0,0.0,0.0,625.0,0.0,2.0,2024-10-24,True,True,625.0,24.0,True,625.0,
江西省,2024-10,2024-09-09,0.0,0.0,0.0,0.0,https://www.celma.org.cn/dfzfxjh/62325.jhtml,121.0,0.0,0.0,121.0,0.0,2.0,2024-10-30,True,True,121.0,33.0,True,121.0,
河北省,2024-10,2024-09-19,0.0,0.0,25.57,25.57,https://www.celma.org.cn/dfzfxjh/62483.jhtml,161.57,0.0,0.0,161.57,0.0,3.0,2024-10-14,True,True,161.57,14.0,True,136.0,6.32
河南省,2024-10,2024-09-19,0.0,306.08,0.0,306.08,https://www.celma.org.cn/dfzfxjh/62687.jhtml,135.98,0.0,135.98,0.0,0.0,9.0,2024-10-23,True,True,135.98,21.0,True,-170.1,0.44
浙江省,2024-10,2024-09-20,0.0,380.0,222.89,602.89,https://www.celma.org.cn/dfzfxjh/62519.jhtml,563.91,0.0,341.02,222.89,0.0,9.0,2024-10-23,True,True,563.91,20.0,True,-38.98,0.94
海南省,2024-10,2024-09-19,,,,,https://www.celma.org.cn/dfzfxjh/62479.jhtml,274.47,12.36,220.0,42.11,0.0,14.0,2024-10-17,True,True,274.47,17.0,True,,
深圳市,2024-10,2024-09-19,0.0,50.0,25.0,75.0,https://www.celma.org.cn/dfzfxjh/62480.jhtml,173.59,0.0,100.01,73.58,0.0,15.0,2024-10-31,True,True,173.59,27.0,True,98.59,2.31
湖北省,2024-10,2024-09-19,0.0,0.0,0.0,0.0,https://www.celma.org.cn/dfzfxjh/63782.jhtml,,,,,,,,True,False,,,True,,
湖南省,2024-10,2024-09-20,0.0,0.0,200.29,200.29,https://www.celma.org.cn/dfzfxjh/62656.jhtml,349.29,0.0,0.0,349.29,0.0,3.0,2024-10-18,True,True,349.29,17.0,True,149.0,1.74
甘肃省,2024-10,2024-09-20,0.0,0.0,92.71,92.71,https://www.celma.org.cn/dfzfxjh/62516.jhtml,92.71,0.0,0.0,92.71,0.0,2.0,2024-10-23,True,True,92.71,20.0,True,0.0,1.0
福建省,2024-10,2024-10-18,0.0,200.0,107.0,307.0,https://www.celma.org.cn/dfzfxjh/62805.jhtml,307.0,0.0,200.0,107.0,0.0,7.0,2024-10-28,True,True,307.0,6.0,False,0.0,1.0
西藏自治区,2024-10,2025-05-22,0.0,0.0,0.0,0.0,https://www.celma.org.cn/dfzfxjh/64908.jhtml,,,,,,,,True,False,,,False,,
贵州省,2024-10,2024-09-20,41.72,13.98,100.54,156.24,https://www.celma.org.cn/dfzfxjh/62518.jhtml,142.26,41.72,0.0,100.54,0.0,3.0,2024-10-25,True,True,142.26,22.0,True,-13.98,0.91
辽宁省,2024-10,2024-11-14,0.0,43.9,0.0,43.9,https://www.celma.org.cn/dfzfxjh/63113.jhtml,43.9,0.0,43.9,0.0,0.0,1.0,2024-10-22,True,True,43.9,-17.0,False,0.0,1.0
重庆市,2024-10,2024-09-20,13.0,198.0,53.1,264.1,https://www.celma.org.cn/dfzfxjh/62515.jhtml,264.21,13.34,197.77,53.1,0.0,7.0,2024-10-22,True,True,264.21,19.0,True,0.11,1.0
陕西省,2024-10,2024-10-23,4.91,90.87,127.0,222.78,https://www.celma.org.cn/dfzfxjh/62849.jhtml,222.78,4.91,90.87,127.0,0.0,10.0,2024-10-28,True,True,222.78,3.0,False,0.0,1.0
青岛市,2024-10,2025-05-20,0.0,41.0,40.5,81.5,https://www.celma.org.cn/dfzfxjh/64821.jhtml,81.5,0.0,41.0,40.5,0.0,7.0,2024-10-15,True,True,81.5,-147.0,False,0.0,1.0
青海省,2024-10,2024-09-20,20.0,0.0,0.0,20.0,https://www.celma.org.cn/dfzfxjh/62514.jhtml,37.0,25.0,12.0,0.0,0.0,2.0,2024-10-17,True,True,37.0,16.0,True,17.0,1.85
黑龙江省,2024-10,2024-09-18,21.31,0.0,0.0,21.31,https://www.celma.org.cn/dfzfxjh/62452.jhtml,32.4,9.4,0.0,23.0,0.0,3.0,2024-10-28,True,True,32.4,25.0,True,11.09,1.52
上海市,2024-11,2024-10-18,0.0,0.0,0.0,0.0,https://www.celma.org.cn/dfzfxjh/62815.jhtml,,,,,,,,True,False,,,True,,
云南省,2024-11,2024-11-05,0.0,0.0,73.75,73.75,https://www.celma.org.cn/dfzfxjh/63051.jhtml,734.75,0.0,0.0,734.75,0.0,7.0,2024-11-01,True,True,734.75,-2.0,False,661.0,9.96
内蒙古自治区,2024-11,2024-10-19,0.0,0.0,12.94,12.94,https://www.celma.org.cn/dfzfxjh/63169.jhtml,12.94,0.0,0.0,12.94,0.0,1.0,2024-11-26,True,True,12.94,27.0,True,0.0,1.0
北京市,2024-11,2024-10-17,0.0,0.0,0.0,0.0,https://www.celma.org.cn/dfzfxjh/62788.jhtml,,,,,,,,True,False,,,True,,
吉林省,2024-11,2024-10-19,23.45,0.0,14.0,37.45,https://www.celma.org.cn/dfzfxjh/63193.jhtml,37.45,23.45,0.0,14.0,0.0,2.0,2024-11-20,True,True,37.45,23.0,True,0.0,1.0
四川省,2024-11,2024-10-17,0.0,0.0,0.0,0.0,https://www.celma.org.cn/dfzfxjh/62793.jhtml,794.0,0.0,0.0,794.0,0.0,4.0,2024-11-29,True,True,794.0,31.0,True,794.0,
大连市,2024-11,2024-11-14,0.0,0.0,112.0,112.0,https://www.celma.org.cn/dfzfxjh/63118.jhtml,112.0,0.0,0.0,112.0,0.0,5.0,2024-11-21,True,True,112.0,5.0,False,0.0,1.0
天津市,2024-11,2024-12-18,0.0,0.0,195.05,195.05,https://www.celma.org.cn/dfzfxjh/63443.jhtml,195.05,0.0,0.0,195.05,0.0,2.0,2024-11-01,True,True,195.05,-33.0,False,0.0,1.0
宁夏回族自治区,2024-11,2024-10-24,22.23,0.0,25.68,47.91,https://www.celma.org.cn/dfzfxjh/62897.jhtml,47.91,22.23,0.0,25.68,0.0,4.0,2024-11-13,True,True,47.91,14.0,False,0.0,1.0
宁波市,2024-11,2024-10-12,0.0,0.0,44.0,44.0,https://www.celma.org.cn/dfzfxjh/62737.jhtml,293.0,0.0,0.0,293.0,0.0,3.0,2024-11-06,True,True,293.0,18.0,True,249.0,6.66
山东省,2024-11,2024-10-18,111.0,173.76,0.0,284.76,https://www.celma.org.cn/dfzfxjh/62824.jhtml,1259.94,6.0,69.62,1184.32,0.0,10.0,2024-11-22,True,True,1259.94,25.0,True,975.18,4.42
山西省,2024-11,2024-10-17,0.0,0.0,0.0,0.0,https://www.celma.org.cn/dfzfxjh/62792.jhtml,43.0,0.0,0.0,43.0,0.0,3.0,2024-11-08,True,True,43.0,16.0,True,43.0,
广东省,2024-11,2024-10-15,0.0,0.0,0.0,0.0,https://www.celma.org.cn/dfzfxjh/62759.jhtml,,,,,,,,True,False,,,True,,
广西壮族自治区,2024-11,2024-10-14,0.0,0.0,0.0,0.0,https://www.celma.org.cn/dfzfxjh/62754.jhtml,,,,,,,,True,False,,,True,,
新疆维吾尔自治区,2024-11,2024-11-16,32.9,22.56,0.0,55.46,https://www.celma.org.cn/dfzfxjh/63140.jhtml,55.46,32.9,22.56,0.0,0.0,3.0,2024-11-21,True,True,55.46,4.0,False,0.0,1.0
江苏省,2024-11,2024-11-12,0.0,0.0,2.0,2.0,https://www.celma.org.cn/dfzfxjh/63099.jhtml,2511.0,0.0,0.0,2511.0,0.0,8.0,2024-11-22,True,True,2511.0,8.0,False,2509.0,1255.5
江西省,2024-11,2024-11-15,0.0,0.0,0.0,0.0,https://www.celma.org.cn/dfzfxjh/63121.jhtml,,,,,,,,True,False,,,False,,
河北省,2024-11,2024-10-18,0.0,0.0,136.0,136.0,https://www.celma.org.cn/dfzfxjh/62821.jhtml,281.0,0.0,0.0,281.0,0.0,1.0,2024-11-29,True,True,281.0,30.0,True,145.0,2.07
河南省,2024-11,2024-10-08,44.11,0.0,60.07,104.18,https://www.celma.org.cn/dfzfxjh/62688.jhtml,544.11,26.56,139.33,378.22,0.0,12.0,2024-11-15,True,True,544.11,29.0,True,439.93,5.22
浙江省,2024-11,2024-10-24,56.3,338.65,245.6,640.55,https://www.celma.org.cn/dfzfxjh/62896.jhtml,1205.55,56.3,338.65,810.6,0.0,16.0,2024-11-18,True,True,1205.55,17.0,False,565.0,1.88
海南省,2024-11,2024-10-19,0.0,0.0,50.0,50.0,https://www.celma.org.cn/dfzfxjh/62822.jhtml,,,,,,,,True,False,,,True,,
深圳市,2024-11,2024-09-19,0.0,50.0,23.58,73.58,https://www.celma.org.cn/dfzfxjh/62481.jhtml,,,,,,,,True,False,,,True,,
湖北省,2024-11,2024-10-16,0.0,0.0,0.0,0.0,https://www.celma.org.cn/dfzfxjh/63783.jhtml,,,,,,,,True,False,,,True,,
湖南省,2024-11,2024-10-11,0.0,0.0,0.0,0.0,https://www.celma.org.cn/dfzfxjh/62733.jhtml,1335.0,0.0,0.0,1335.0,0.0,7.0,2024-11-21,True,True,1335.0,30.0,True,1335.0,
甘肃省,2024-11,2024-10-18,33.0,30.0,126.62,189.62,https://www.celma.org.cn/dfzfxjh/62813.jhtml,374.3,3.69,0.0,370.61,0.0,2.0,2024-11-28,True,True,374.3,29.0,True,184.68,1.97
福建省,2024-11,2024-10-18,0.0,0.0,56.0,56.0,https://www.celma.org.cn/dfzfxjh/62806.jhtml,56.33,0.0,0.0,56.33,0.0,2.0,2024-11-12,True,True,56.33,17.0,True,0.33,1.01
西藏自治区,2024-11,2024-11-13,0.0,137.0,0.0,137.0,https://www.celma.org.cn/dfzfxjh/63105.jhtml,147.94,2.0,128.39,17.55,0.0,7.0,2024-11-27,True,True,147.94,10.0,False,10.94,1.08
贵州省,2024-11,2024-10-18,0.0,168.0,86.0,254.0,https://www.celma.org.cn/dfzfxjh/62809.jhtml,1282.68,0.0,106.68,1176.0,0.0,8.0,2024-11-21,True,True,1282.68,24.0,True,1028.68,5.05
辽宁省,2024-11,2025-01-08,0.0,0.0,496.0,496.0,https://www.celma.org.cn/dfzfxjh/63563.jhtml,496.0,0.0,0.0,496.0,0.0,4.0,2024-11-01,True,True,496.0,-47.0,False,0.0,1.0
重庆市,2024-11,2025-05-26,0.0,0.0,0.0,0.0,https://www.celma.org.cn/dfzfxjh/64963.jhtml,,,,,,,,True,False,,,False,,
陕西省,2024-11,2024-12-11,0.0,0.0,564.0,564.0,https://www.celma.org.cn/dfzfxjh/63363.jhtml,564.0,0.0,0.0,564.0,0.0,3.0,2024-11-28,True,True,564.0,-9.0,False,0.0,1.0
青岛市,2024-11,2025-05-20,0.0,51.1,144.0,195.1,https://www.celma.org.cn/dfzfxjh/64822.jhtml,195.1,0.0,51.1,144.0,0.0,5.0,2024-11-12,True,True,195.1,-127.0,False,0.0,1.0
青海省,2024-11,2025-05-27,9.88,0.0,38.49,48.37,https://www.celma.org.cn/dfzfxjh/65007.jhtml,48.37,9.88,0.0,38.49,0.0,4.0,2024-11-25,True,True,48.37,-123.0,False,-0.0,1.0
黑龙江省,2024-11,2024-10-10,0.0,0.0,17.95,17.95,https://www.celma.org.cn/dfzfxjh/62710.jhtml,514.22,12.27,0.0,501.95,0.0,4.0,2024-11-07,True,True,514.22,21.0,True,496.27,28.65
上海市,2024-12,2024-11-20,0.0,0.0,0.0,0.0,https://www.celma.org.cn/dfzfxjh/63190.jhtml,,,,,,,,True,False,,,True,,
云南省,2024-12,2025-05-27,0.0,0.0,323.0,323.0,https://www.celma.org.cn/dfzfxjh/64992.jhtml,323.0,0.0,0.0,323.0,0.0,3.0,2024-12-09,True,True,323.0,-113.0,False,0.0,1.0
内蒙古自治区,2024-12,2024-11-20,0.78,0.0,635.0,635.78,https://www.celma.org.cn/dfzfxjh/63672.jhtml,635.78,0.78,0.0,635.0,0.0,7.0,2024-12-05,True,True,635.78,11.0,True,0.0,1.0
北京市,2024-12,2024-11-19,0.0,0.0,390.46,390.46,https://www.celma.org.cn/dfzfxjh/63167.jhtml,390.47,0.0,0.0,390.47,0.0,12.0,2024-12-09,True,True,390.47,14.0,True,0.01,1.0
厦门市,2024-12,2024-11-14,0.0,56.0,0.0,56.0,https://www.celma.org.cn/dfzfxjh/63110.jhtml,56.0,0.0,0.0,56.0,0.0,2.0,2024-12-03,True,True,56.0,13.0,True,0.0,1.0
吉林省,2024-12,2024-11-20,3.0,0.0,404.0,407.0,https://www.celma.org.cn/dfzfxjh/63194.jhtml,407.0,3.0,0.0,404.0,0.0,5.0,2024-12-10,True,True,407.0,14.0,True,0.0,1.0
四川省,2024-12,2024-11-18,0.0,0.0,550.0,550.0,https://www.celma.org.cn/dfzfxjh/63155.jhtml,354.0,0.0,0.0,354.0,0.0,1.0,2024-12-11,True,True,354.0,17.0,True,-196.0,0.64
天津市,2024-12,2024-12-18,30.66,0.0,901.02,931.68,https://www.celma.org.cn/dfzfxjh/63444.jhtml,931.68,30.66,0.0,901.02,0.0,12.0,2024-12-11,True,True,931.68,-5.0,False,0.0,1.0
宁夏回族自治区,2024-12,2024-11-18,0.0,0.0,138.0,138.0,https://www.celma.org.cn/dfzfxjh/63149.jhtml,148.21,0.0,0.0,148.21,0.0,3.0,2024-12-12,True,True,148.21,18.0,True,10.21,1.07
宁波市,2024-12,2024-11-18,0.0,0.0,0.0,0.0,https://www.celma.org.cn/dfzfxjh/63146.jhtml,,,,,,,,True,False,,,True,,
安徽省,2024-12,2024-11-19,0.0,0.0,980.0,980.0,https://www.celma.org.cn/dfzfxjh/63170.jhtml,980.0,0.0,0.0,980.0,0.0,5.0,2024-12-10,True,True,980.0,15.0,True,0.0,1.0
山东省,2024-12,2024-11-22,0.0,8.14,129.68,137.82,https://www.celma.org.cn/dfzfxjh/63221.jhtml,137.81,0.0,8.14,129.67,0.0,5.0,2024-12-09,True,True,137.81,11.0,False,-0.01,1.0
山西省,2024-12,2024-11-18,0.0,0.0,385.0,385.0,https://www.celma.org.cn/dfzfxjh/63156.jhtml,385.0,0.0,0.0,385.0,0.0,3.0,2024-12-06,True,True,385.0,14.0,True,0.0,1.0
广东省,2024-12,2024-11-08,0.0,0.0,0.0,0.0,https://www.celma.org.cn/dfzfxjh/63077.jhtml,,,,,,,,True,False,,,True,,
广西壮族自治区,2024-12,2024-11-15,0.0,0.0,586.0,586.0,https://www.celma.org.cn/dfzfxjh/63139.jhtml,586.0,0.0,0.0,586.0,0.0,4.0,2024-12-02,True,True,586.0,11.0,True,0.0,1.0
新疆维吾尔自治区,2024-12,2024-11-27,0.0,0.0,235.78,235.78,https://www.celma.org.cn/dfzfxjh/63256.jhtml,276.23,0.0,0.0,276.23,0.0,5.0,2024-12-04,True,True,276.23,5.0,False,40.45,1.17
江苏省,2024-12,2024-12-18,0.0,0.0,0.0,0.0,https://www.celma.org.cn/dfzfxjh/63447.jhtml,,,,,,,,True,False,,,False,,
江西省,2024-12,2024-11-15,0.0,0.0,0.0,0.0,https://www.celma.org.cn/dfzfxjh/63122.jhtml,551.01,0.0,0.0,551.01,0.0,3.0,2024-12-09,True,True,551.01,16.0,True,551.01,
河北省,2024-12,2024-11-20,0.0,0.0,0.0,0.0,https://www.celma.org.cn/dfzfxjh/63192.jhtml,,,,,,,,True,False,,,True,,
河南省,2024-12,2024-10-08,41.61,0.0,17.65,59.26,https://www.celma.org.cn/dfzfxjh/62689.jhtml,1102.43,59.17,30.78,1012.48,0.0,15.0,2024-12-02,True,True,1102.43,40.0,True,1043.17,18.6
海南省,2024-12,2024-11-19,,,,,https://www.celma.org.cn/dfzfxjh/63171.jhtml,202.0,0.0,0.0,202.0,0.0,6.0,2024-12-02,True,True,202.0,9.0,True,,
深圳市,2024-12,2024-09-19,0.0,0.0,47.13,47.13,https://www.celma.org.cn/dfzfxjh/62482.jhtml,47.13,0.0,0.0,47.13,0.0,1.0,2024-12-02,True,True,47.13,49.0,True,0.0,1.0
湖北省,2024-12,2024-11-19,123.28,0.0,1.0,124.28,https://www.celma.org.cn/dfzfxjh/63784.jhtml,1373.28,123.28,0.0,1250.0,0.0,8.0,2024-12-04,True,True,1373.28,11.0,True,1249.0,11.05
湖南省,2024-12,2024-11-18,0.0,0.0,0.0,0.0,https://www.celma.org.cn/dfzfxjh/63148.jhtml,8.0,0.0,0.0,8.0,0.0,1.0,2024-12-19,True,True,8.0,23.0,True,8.0,
甘肃省,2024-12,2024-11-20,0.0,0.0,72.39,72.39,https://www.celma.org.cn/dfzfxjh/63182.jhtml,72.39,0.0,0.0,72.39,0.0,1.0,2024-12-12,True,True,72.39,16.0,True,0.0,1.0
福建省,2024-12,2024-11-14,0.0,111.0,446.0,557.0,https://www.celma.org.cn/dfzfxjh/63109.jhtml,557.0,0.0,111.0,446.0,0.0,8.0,2024-12-05,True,True,557.0,15.0,True,0.0,1.0
西藏自治区,2024-12,2025-05-22,0.0,0.0,137.0,137.0,https://www.celma.org.cn/dfzfxjh/64909.jhtml,137.0,0.0,0.0,137.0,0.0,4.0,2024-12-12,True,True,137.0,-107.0,False,0.0,1.0
贵州省,2024-12,2024-11-20,0.0,61.0,0.0,61.0,https://www.celma.org.cn/dfzfxjh/63188.jhtml,61.32,0.0,61.32,0.0,0.0,5.0,2024-12-19,True,True,61.32,21.0,True,0.32,1.01
辽宁省,2024-12,2025-01-08,0.0,0.0,200.0,200.0,https://www.celma.org.cn/dfzfxjh/63570.jhtml,200.0,0.0,0.0,200.0,0.0,2.0,2024-12-05,True,True,200.0,-23.0,False,0.0,1.0
重庆市,2024-12,2024-11-29,0.0,0.0,892.0,892.0,https://www.celma.org.cn/dfzfxjh/63268.jhtml,892.0,0.0,0.0,892.0,0.0,6.0,2024-12-06,True,True,892.0,5.0,False,0.0,1.0
陕西省,2024-12,2024-12-09,0.0,0.0,0.0,0.0,https://www.celma.org.cn/dfzfxjh/63336.jhtml,,,,,,,,True,False,,,False,,
青岛市,2024-12,2025-05-20,0.0,0.0,0.0,0.0,https://www.celma.org.cn/dfzfxjh/64823.jhtml,,,,,,,,True,False,,,False,,
青海省,2024-12,2024-11-19,24.98,0.0,73.0,97.98,https://www.celma.org.cn/dfzfxjh/63165.jhtml,97.99,24.99,0.0,73.0,0.0,3.0,2024-12-10,True,True,97.99,15.0,True,0.01,1.0
黑龙江省,2024-12,2024-11-15,0.0,0.0,0.0,0.0,https://www.celma.org.cn/dfzfxjh/63132.jhtml,,,,,,,,True,False,,,True,,
上海市,2025-01,2024-12-18,0.0,0.0,0.0,0.0,https://www.celma.org.cn/dfzfxjh/63441.jhtml,,,,,,,,True,False,,,True,,
内蒙古自治区,2025-01,2024-12-19,0.0,0.0,0.0,0.0,https://www.celma.org.cn/dfzfxjh/63673.jhtml,,,,,,,,True,False,,,True,,
北京市,2025-01,2024-12-19,0.0,0.0,0.0,0.0,https://www.celma.org.cn/dfzfxjh/63455.jhtml,622.7,0.0,68.57,554.13,0.0,12.0,2025-01-21,True,True,622.7,22.0,True,622.7,
厦门市,2025-01,2024-12-18,0.0,0.0,56.0,56.0,https://www.celma.org.cn/dfzfxjh/63448.jhtml,67.0,11.0,0.0,56.0,0.0,2.0,2025-01-23,True,True,67.0,25.0,True,11.0,1.2
四川省,2025-01,2024-12-18,200.0,400.0,50.0,650.0,https://www.celma.org.cn/dfzfxjh/63450.jhtml,629.4,219.15,345.15,65.1,0.0,10.0,2025-01-21,True,True,629.4,23.0,True,-20.6,0.97
天津市,2025-01,2025-01-21,0.0,0.0,404.7,404.7,https://www.celma.org.cn/dfzfxjh/63666.jhtml,404.7,0.0,0.0,404.7,0.0,6.0,2025-01-20,True,True,404.7,-1.0,False,0.0,1.0
宁夏回族自治区,2025-01,2024-12-30,0.0,0.0,0.0,0.0,https://www.celma.org.cn/dfzfxjh/63517.jhtml,,,,,,,,True,False,,,False,,
宁波市,2025-01,2024-12-20,0.0,0.0,0.0,0.0,https://www.celma.org.cn/dfzfxjh/63462.jhtml,,,,,,,,True,False,,,True,,
安徽省,2025-01,2025-01-10,0.0,209.03,0.0,209.03,https://www.celma.org.cn/dfzfxjh/63574.jhtml,225.54,0.0,209.03,16.51,0.0,10.0,2025-01-20,True,True,225.54,6.0,False,16.51,1.08
山东省,2025-01,2024-12-23,0.0,0.0,330.0,330.0,https://www.celma.org.cn/dfzfxjh/63472.jhtml,318.16,0.0,0.0,318.16,0.0,4.0,2025-01-22,True,True,318.16,21.0,False,-11.84,0.96
山西省,2025-01,2024-12-19,0.0,0.0,0.0,0.0,https://www.celma.org.cn/dfzfxjh/63457.jhtml,,,,,,,,True,False,,,True,,
广东省,2025-01,2025-02-06,173.0,1.0,0.0,174.0,https://www.celma.org.cn/dfzfxjh/63747.jhtml,1181.04,173.0,1008.04,0.0,0.0,8.0,2025-01-20,True,True,1181.04,-8.0,False,1007.04,6.79
广西壮族自治区,2025-01,2024-12-13,0.0,0.0,0.0,0.0,https://www.celma.org.cn/dfzfxjh/63387.jhtml,,,,,,,,True,False,,,True,,
新疆维吾尔自治区,2025-01,2025-05-21,0.0,0.0,0.0,0.0,https://www.celma.org.cn/dfzfxjh/64890.jhtml,,,,,,,,True,False,,,False,,
江苏省,2025-01,2024-12-18,0.0,0.0,0.0,0.0,https://www.celma.org.cn/dfzfxjh/63446.jhtml,,,,,,,,True,False,,,True,,
江西省,2025-01,2024-12-20,0.0,0.0,0.0,0.0,https://www.celma.org.cn/dfzfxjh/63463.jhtml,220.23,167.0,0.0,53.23,0.0,3.0,2025-01-23,True,True,220.23,23.0,True,220.23,
河北省,2025-01,2024-12-20,0.0,0.0,12.62,12.62,https://www.celma.org.cn/dfzfxjh/63464.jhtml,96.98,82.0,0.0,14.98,0.0,2.0,2025-01-20,True,True,96.98,20.0,True,84.36,7.68
河南省,2025-01,2025-05-23,0.0,0.0,352.91,352.91,https://www.celma.org.cn/dfzfxjh/64922.jhtml,352.91,0.0,0.0,352.91,0.0,2.0,2025-01-21,True,True,352.91,-81.0,False,-0.0,1.0
浙江省,2025-01,2025-01-23,0.0,0.0,0.0,0.0,https://www.celma.org.cn/dfzfxjh/63689.jhtml,,,,,,,,True,False,,,False,,
海南省,2025-01,2024-12-25,,,,,https://www.celma.org.cn/dfzfxjh/63500.jhtml,80.0,30.0,0.0,50.0,0.0,3.0,2025-01-20,True,True,80.0,17.0,False,,
深圳市,2025-01,2024-12-20,0.0,100.0,0.0,100.0,https://www.celma.org.cn/dfzfxjh/63469.jhtml,,,,,,,,True,False,,,True,,
湖北省,2025-01,2024-12-19,223.0,338.24,451.13,1012.37,https://www.celma.org.cn/dfzfxjh/63772.jhtml,1012.37,223.0,338.24,451.13,0.0,13.0,2025-01-13,True,True,1012.37,16.0,True,0.0,1.0
湖南省,2025-01,2024-12-17,0.0,0.0,0.0,0.0,https://www.celma.org.cn/dfzfxjh/63435.jhtml,242.47,100.0,0.0,142.47,0.0,3.0,2025-01-20,True,True,242.47,23.0,True,242.47,
甘肃省,2025-01,2024-12-20,0.0,0.0,0.0,0.0,https://www.celma.org.cn/dfzfxjh/63465.jhtml,,,,,,,,True,False,,,True,,
西藏自治区,2025-01,2025-02-06,0.0,0.0,0.0,0.0,https://www.celma.org.cn/dfzfxjh/63746.jhtml,,,,,,,,True,False,,,False,,
贵州省,2025-01,2024-12-19,0.0,0.0,0.0,0.0,https://www.celma.org.cn/dfzfxjh/68760.jhtml,,,,,,,,True,False,,,True,,
辽宁省,2025-01,2025-05-20,0.0,0.0,0.0,0.0,https://www.celma.org.cn/dfzfxjh/64845.jhtml,,,,,,,,True,False,,,False,,
重庆市,2025-01,2026-05-19,0.0,0.0,0.0,0.0,https://www.celma.org.cn/dfzfxjh/68911.jhtml,,,,,,,,True,False,,,False,,
陕西省,2025-01,2024-12-24,0.0,0.0,0.0,0.0,https://www.celma.org.cn/dfzfxjh/63476.jhtml,,,,,,,,True,False,,,False,,
青岛市,2025-01,2025-01-24,0.0,79.0,43.17,122.17,https://www.celma.org.cn/dfzfxjh/63703.jhtml,122.17,0.0,79.0,43.17,0.0,6.0,2025-01-13,True,True,122.17,-9.0,False,0.0,1.0
青海省,2025-01,2026-05-18,0.0,0.0,0.0,0.0,https://www.celma.org.cn/dfzfxjh/68890.jhtml,,,,,,,,True,False,,,False,,
黑龙江省,2025-01,2024-12-17,0.0,0.0,0.0,0.0,https://www.celma.org.cn/dfzfxjh/63430.jhtml,,,,,,,,True,False,,,True,,
上海市,2025-02,2025-01-22,125.0,227.0,0.0,352.0,https://www.celma.org.cn/dfzfxjh/63718.jhtml,352.0,125.0,227.0,0.0,0.0,7.0,2025-02-28,True,True,352.0,23.0,False,0.0,1.0
内蒙古自治区,2025-02,2025-04-14,0.0,0.0,649.35,649.35,https://www.celma.org.cn/dfzfxjh/64371.jhtml,649.35,0.0,0.0,649.35,0.0,5.0,2025-02-25,True,True,649.35,-33.0,False,0.0,1.0
北京市,2025-02,2025-01-13,0.0,0.0,0.0,0.0,https://www.celma.org.cn/dfzfxjh/63578.jhtml,563.9,101.0,462.9,0.0,0.0,15.0,2025-02-18,True,True,563.9,22.0,True,563.9,
厦门市,2025-02,2025-02-17,0.0,150.0,0.0,150.0,https://www.celma.org.cn/dfzfxjh/63849.jhtml,166.15,0.0,166.15,0.0,0.0,21.0,2025-02-27,True,True,166.15,8.0,False,16.15,1.11
吉林省,2025-02,2025-01-20,0.0,32.4,385.0,417.4,https://www.celma.org.cn/dfzfxjh/63644.jhtml,378.61,0.0,32.4,346.21,0.0,3.0,2025-02-26,True,True,378.61,23.0,True,-38.79,0.91
四川省,2025-02,2025-01-20,0.0,0.0,300.0,300.0,https://www.celma.org.cn/dfzfxjh/63638.jhtml,506.75,0.0,0.0,506.75,0.0,3.0,2025-02-20,True,True,506.75,19.0,True,206.75,1.69
大连市,2025-02,2025-02-18,10.0,0.0,50.0,60.0,https://www.celma.org.cn/dfzfxjh/63887.jhtml,60.0,10.0,0.0,50.0,0.0,3.0,2025-02-25,True,True,60.0,5.0,False,0.0,1.0
天津市,2025-02,2025-02-12,0.0,0.0,47.3,47.3,https://www.celma.org.cn/dfzfxjh/63822.jhtml,47.3,0.0,0.0,47.3,0.0,2.0,2025-02-20,True,True,47.3,6.0,False,0.0,1.0
宁夏回族自治区,2025-02,2025-01-17,0.0,11.0,138.0,149.0,https://www.celma.org.cn/dfzfxjh/63634.jhtml,138.0,0.0,0.0,138.0,0.0,2.0,2025-02-13,True,True,138.0,15.0,True,-11.0,0.93
宁波市,2025-02,2025-01-20,0.0,0.0,249.0,249.0,https://www.celma.org.cn/dfzfxjh/63643.jhtml,404.0,5.0,150.0,249.0,0.0,8.0,2025-02-27,True,True,404.0,24.0,True,155.0,1.62
山东省,2025-02,2025-01-17,0.0,425.7,0.0,425.7,https://www.celma.org.cn/dfzfxjh/64409.jhtml,81.65,0.0,81.65,0.0,0.0,1.0,2025-02-24,True,True,81.65,22.0,True,-344.05,0.19
山西省,2025-02,2025-01-17,0.0,0.0,385.0,385.0,https://www.celma.org.cn/dfzfxjh/63635.jhtml,638.58,89.86,163.72,385.0,0.0,10.0,2025-02-07,True,True,638.58,10.0,True,253.58,1.66
广东省,2025-02,2025-02-14,0.0,300.0,0.0,300.0,https://www.celma.org.cn/dfzfxjh/63840.jhtml,307.19,0.0,307.19,0.0,0.0,2.0,2025-02-28,True,True,307.19,10.0,False,7.19,1.02
广西壮族自治区,2025-02,2025-01-15,47.8,36.91,55.57,140.28,https://www.celma.org.cn/dfzfxjh/63626.jhtml,135.06,47.8,31.69,55.57,0.0,5.0,2025-02-10,True,True,135.06,14.0,True,-5.22,0.96
新疆维吾尔自治区,2025-02,2025-02-12,0.0,0.0,216.0,216.0,https://www.celma.org.cn/dfzfxjh/63819.jhtml,216.0,0.0,0.0,216.0,0.0,2.0,2025-02-21,True,True,216.0,7.0,False,0.0,1.0
江苏省,2025-02,2025-01-23,128.0,0.0,2.0,130.0,https://www.celma.org.cn/dfzfxjh/63693.jhtml,2128.0,128.0,0.0,2000.0,0.0,10.0,2025-02-21,True,True,2128.0,17.0,False,1998.0,16.37
江西省,2025-02,2025-01-21,0.0,0.0,0.0,0.0,https://www.celma.org.cn/dfzfxjh/63660.jhtml,543.97,0.0,0.0,543.97,0.0,3.0,2025-02-21,True,True,543.97,19.0,False,543.97,
河北省,2025-02,2025-01-20,104.0,556.0,29.94,689.94,https://www.celma.org.cn/dfzfxjh/63651.jhtml,619.89,123.03,466.92,29.94,0.0,8.0,2025-02-21,True,True,619.89,20.0,True,-70.05,0.9
河南省,2025-02,2025-05-23,22.01,364.47,0.0,386.48,https://www.celma.org.cn/dfzfxjh/64923.jhtml,386.49,22.01,364.48,0.0,0.0,10.0,2025-02-25,True,True,386.49,-60.0,False,0.01,1.0
浙江省,2025-02,2025-01-23,117.0,80.0,565.0,762.0,https://www.celma.org.cn/dfzfxjh/63690.jhtml,969.9,117.0,287.9,565.0,0.0,10.0,2025-02-06,True,True,969.9,5.0,False,207.9,1.27
海南省,2025-02,2025-02-07,0.0,0.0,0.0,0.0,https://www.celma.org.cn/dfzfxjh/63751.jhtml,259.09,20.0,205.29,33.8,0.0,10.0,2025-02-25,True,True,259.09,13.0,False,259.09,
深圳市,2025-02,2025-01-16,0.0,50.0,0.0,50.0,https://www.celma.org.cn/dfzfxjh/63630.jhtml,96.42,0.0,76.76,19.66,0.0,12.0,2025-02-28,True,True,96.42,27.0,True,46.42,1.93
湖北省,2025-02,2025-01-16,0.0,99.37,248.69,348.06,https://www.celma.org.cn/dfzfxjh/64916.jhtml,348.06,0.0,99.37,248.69,0.0,9.0,2025-02-17,True,True,348.06,18.0,True,0.0,1.0
湖南省,2025-02,2025-01-14,0.0,0.0,0.0,0.0,https://www.celma.org.cn/dfzfxjh/63611.jhtml,,,,,,,,True,False,,,True,,
甘肃省,2025-02,2025-01-20,99.22,0.0,243.0,342.22,https://www.celma.org.cn/dfzfxjh/63648.jhtml,490.74,79.0,38.52,373.22,0.0,7.0,2025-02-18,True,True,490.74,17.0,True,148.52,1.43
福建省,2025-02,2025-01-17,72.38,292.0,446.0,810.38,https://www.celma.org.cn/dfzfxjh/63633.jhtml,810.4,72.38,292.01,446.01,0.0,10.0,2025-02-18,True,True,810.4,18.0,True,0.02,1.0
西藏自治区,2025-02,2025-02-06,0.0,0.0,0.0,0.0,https://www.celma.org.cn/dfzfxjh/63745.jhtml,143.0,6.0,0.0,137.0,0.0,3.0,2025-02-26,True,True,143.0,15.0,False,143.0,
贵州省,2025-02,2025-01-20,0.0,0.0,0.0,0.0,https://www.celma.org.cn/dfzfxjh/67459.jhtml,,,,,,,,True,False,,,True,,
辽宁省,2025-02,2025-03-12,33.1,54.6,0.0,87.7,https://www.celma.org.cn/dfzfxjh/64112.jhtml,87.7,33.1,54.6,0.0,0.0,2.0,2025-02-25,True,True,87.7,-11.0,False,0.0,1.0
重庆市,2025-02,2025-02-27,0.0,218.15,409.49,627.64,https://www.celma.org.cn/dfzfxjh/63992.jhtml,627.64,0.0,218.15,409.49,0.0,8.0,2025-02-11,True,True,627.64,-12.0,False,0.0,1.0
陕西省,2025-02,2025-03-04,35.57,193.16,568.79,797.52,https://www.celma.org.cn/dfzfxjh/64035.jhtml,797.52,35.57,193.16,568.79,0.0,11.0,2025-02-11,True,True,797.52,-15.0,False,0.0,1.0
青岛市,2025-02,2025-05-20,0.0,0.0,0.0,0.0,https://www.celma.org.cn/dfzfxjh/64825.jhtml,,,,,,,,True,False,,,False,,
青海省,2025-02,2025-01-14,30.0,0.0,73.0,103.0,https://www.celma.org.cn/dfzfxjh/63605.jhtml,104.0,31.0,0.0,73.0,0.0,2.0,2025-02-26,True,True,104.0,27.0,True,1.0,1.01
黑龙江省,2025-02,2025-01-15,195.0,0.0,0.0,195.0,https://www.celma.org.cn/dfzfxjh/63623.jhtml,,,,,,,,True,False,,,True,,
上海市,2025-03,2025-02-20,0.0,0.0,0.0,0.0,https://www.celma.org.cn/dfzfxjh/63920.jhtml,,,,,,,,True,False,,,True,,
云南省,2025-03,2025-02-27,113.18,0.0,33.0,146.18,https://www.celma.org.cn/dfzfxjh/64005.jhtml,560.25,113.19,63.06,384.0,0.0,9.0,2025-03-06,True,True,560.25,5.0,False,414.07,3.83
内蒙古自治区,2025-03,2025-04-14,135.11,58.7,0.0,193.81,https://www.celma.org.cn/dfzfxjh/64372.jhtml,193.81,135.11,58.7,0.0,0.0,4.0,2025-03-27,True,True,193.81,-11.0,False,0.0,1.0
北京市,2025-03,2025-02-10,0.0,0.0,0.0,0.0,https://www.celma.org.cn/dfzfxjh/63764.jhtml,,,,,,,,True,False,,,True,,
吉林省,2025-03,2025-02-19,50.0,410.0,0.0,460.0,https://www.celma.org.cn/dfzfxjh/63906.jhtml,144.74,56.35,88.39,0.0,0.0,6.0,2025-03-27,True,True,144.74,26.0,True,-315.26,0.31
四川省,2025-03,2025-02-17,0.0,300.0,47.0,347.0,https://www.celma.org.cn/dfzfxjh/63855.jhtml,502.11,0.0,455.01,47.1,0.0,9.0,2025-03-18,True,True,502.11,21.0,True,155.11,1.45
大连市,2025-03,2025-03-20,0.0,10.0,66.98,76.98,https://www.celma.org.cn/dfzfxjh/64172.jhtml,76.98,0.0,10.0,66.98,0.0,9.0,2025-03-18,True,True,76.98,-2.0,False,0.0,1.0
天津市,2025-03,2025-03-21,90.91,58.2,171.53,320.64,https://www.celma.org.cn/dfzfxjh/64219.jhtml,320.64,90.91,58.2,171.53,0.0,13.0,2025-03-28,True,True,320.64,5.0,False,0.0,1.0
宁夏回族自治区,2025-03,2025-03-21,0.0,0.0,0.0,0.0,https://www.celma.org.cn/dfzfxjh/64221.jhtml,,,,,,,,True,False,,,False,,
宁波市,2025-03,2025-02-18,0.0,0.0,0.0,0.0,https://www.celma.org.cn/dfzfxjh/63860.jhtml,,,,,,,,True,False,,,True,,
安徽省,2025-03,2025-02-19,0.0,200.0,323.51,523.51,https://www.celma.org.cn/dfzfxjh/63905.jhtml,342.38,0.0,218.87,123.51,0.0,16.0,2025-03-17,True,True,342.38,18.0,True,-181.13,0.65
山东省,2025-03,2025-02-17,0.0,300.0,45.0,345.0,https://www.celma.org.cn/dfzfxjh/64410.jhtml,1365.29,0.0,966.66,398.63,0.0,18.0,2025-03-10,True,True,1365.29,15.0,True,1020.29,3.96
山西省,2025-03,2025-02-20,40.69,200.28,82.28,323.25,https://www.celma.org.cn/dfzfxjh/63921.jhtml,85.75,3.54,0.0,82.21,0.0,2.0,2025-03-28,True,True,85.75,26.0,True,-237.5,0.27
广东省,2025-03,2025-04-15,0.0,302.3,181.92,484.22,https://www.celma.org.cn/dfzfxjh/64374.jhtml,484.22,0.0,302.3,181.92,0.0,5.0,2025-03-25,True,True,484.22,-14.0,False,0.0,1.0
广西壮族自治区,2025-03,2025-02-19,0.0,0.0,515.0,515.0,https://www.celma.org.cn/dfzfxjh/69025.jhtml,515.0,0.0,0.0,515.0,0.0,3.0,2025-03-21,True,True,515.0,22.0,True,0.0,1.0
新疆维吾尔自治区,2025-03,2025-03-04,18.87,0.0,0.0,18.87,https://www.celma.org.cn/dfzfxjh/64029.jhtml,18.87,18.87,0.0,0.0,0.0,1.0,2025-03-20,True,True,18.87,12.0,False,0.0,1.0
江苏省,2025-03,2025-03-20,0.0,954.12,965.82,1919.94,https://www.celma.org.cn/dfzfxjh/64205.jhtml,1919.94,0.0,954.12,965.82,0.0,14.0,2025-03-07,True,True,1919.94,-9.0,False,0.0,1.0
江西省,2025-03,2025-02-18,0.0,0.0,0.0,0.0,https://www.celma.org.cn/dfzfxjh/63863.jhtml,46.22,0.0,0.0,46.22,0.0,3.0,2025-03-14,True,True,46.22,18.0,True,46.22,
河北省,2025-03,2025-02-19,10.97,89.49,332.56,433.02,https://www.celma.org.cn/dfzfxjh/63890.jhtml,421.61,10.97,77.0,333.64,0.0,11.0,2025-03-06,True,True,421.61,11.0,True,-11.41,0.97
河南省,2025-03,2025-05-23,0.0,0.0,308.53,308.53,https://www.celma.org.cn/dfzfxjh/64925.jhtml,308.53,0.0,0.0,308.53,0.0,3.0,2025-03-13,True,True,308.53,-48.0,False,0.0,1.0
浙江省,2025-03,2025-02-20,0.0,328.0,0.0,328.0,https://www.celma.org.cn/dfzfxjh/63917.jhtml,,,,,,,,True,False,,,True,,
海南省,2025-03,2025-02-19,0.0,0.0,40.07,40.07,https://www.celma.org.cn/dfzfxjh/63911.jhtml,,,,,,,,True,False,,,True,,
深圳市,2025-03,2025-01-16,0.0,200.0,40.0,240.0,https://www.celma.org.cn/dfzfxjh/63631.jhtml,,,,,,,,True,False,,,True,,
湖北省,2025-03,2025-02-17,0.0,7.9,125.55,133.45,https://www.celma.org.cn/dfzfxjh/64917.jhtml,133.45,0.0,7.9,125.55,0.0,6.0,2025-03-26,True,True,133.45,27.0,True,0.0,1.0
湖南省,2025-03,2025-02-12,0.0,0.0,0.0,0.0,https://www.celma.org.cn/dfzfxjh/63820.jhtml,,,,,,,,True,False,,,True,,
甘肃省,2025-03,2025-02-20,0.0,362.0,200.0,562.0,https://www.celma.org.cn/dfzfxjh/63918.jhtml,113.01,20.22,79.31,13.48,0.0,7.0,2025-03-21,True,True,113.01,21.0,True,-448.99,0.2
西藏自治区,2025-03,2025-02-21,0.0,0.0,0.0,0.0,https://www.celma.org.cn/dfzfxjh/63947.jhtml,,,,,,,,True,False,,,False,,
贵州省,2025-03,2025-02-19,,,,,https://www.celma.org.cn/dfzfxjh/63939.jhtml,946.09,96.44,120.9,728.75,0.0,7.0,2025-03-07,True,True,946.09,12.0,True,,
辽宁省,2025-03,2025-04-15,0.0,44.3,585.03,629.33,https://www.celma.org.cn/dfzfxjh/64384.jhtml,629.32,0.0,44.3,585.02,0.0,8.0,2025-03-06,True,True,629.32,-27.0,False,-0.01,1.0
重庆市,2025-03,2025-02-27,0.0,33.0,240.63,273.63,https://www.celma.org.cn/dfzfxjh/63993.jhtml,276.73,0.0,36.1,240.63,0.0,5.0,2025-03-11,True,True,276.73,8.0,False,3.1,1.01
陕西省,2025-03,2025-04-01,35.29,12.94,0.0,48.23,https://www.celma.org.cn/dfzfxjh/64282.jhtml,48.23,35.29,12.94,0.0,0.0,3.0,2025-03-31,True,True,48.23,-1.0,False,0.0,1.0
青岛市,2025-03,2025-05-20,4.4,80.8,80.21,165.41,https://www.celma.org.cn/dfzfxjh/64826.jhtml,165.41,4.4,80.8,80.21,0.0,10.0,2025-03-03,True,True,165.41,-53.0,False,0.0,1.0
青海省,2025-03,2025-02-19,0.0,0.0,0.0,0.0,https://www.celma.org.cn/dfzfxjh/63891.jhtml,,,,,,,,True,False,,,True,,
黑龙江省,2025-03,2025-02-14,,,32.24,32.24,https://www.celma.org.cn/dfzfxjh/63833.jhtml,169.46,155.09,0.0,14.37,0.0,4.0,2025-03-06,True,True,169.46,14.0,True,137.22,5.26
上海市,2025-04,2025-03-19,0.0,0.0,0.0,0.0,https://www.celma.org.cn/dfzfxjh/64161.jhtml,,,,,,,,True,False,,,True,,
内蒙古自治区,2025-04,2025-04-27,0.0,0.0,250.95,250.95,https://www.celma.org.cn/dfzfxjh/64541.jhtml,250.95,0.0,0.0,250.95,0.0,1.0,2025-04-23,True,True,250.95,-3.0,False,0.0,1.0
北京市,2025-04,2025-03-11,0.0,0.0,217.19,217.19,https://www.celma.org.cn/dfzfxjh/64093.jhtml,257.93,0.0,40.74,217.19,0.0,9.0,2025-04-08,True,True,257.93,19.0,True,40.74,1.19
厦门市,2025-04,2025-04-02,0.0,98.85,0.0,98.85,https://www.celma.org.cn/dfzfxjh/64294.jhtml,98.85,0.0,98.85,0.0,0.0,6.0,2025-04-25,True,True,98.85,16.0,False,0.0,1.0
吉林省,2025-04,2025-03-19,0.0,16.57,25.79,42.36,https://www.celma.org.cn/dfzfxjh/64229.jhtml,26.22,0.0,16.07,10.15,0.0,4.0,2025-04-15,True,True,26.22,18.0,True,-16.14,0.62
四川省,2025-04,2025-03-14,0.0,0.0,350.0,350.0,https://www.celma.org.cn/dfzfxjh/64132.jhtml,362.05,0.0,0.0,362.05,0.0,3.0,2025-04-15,True,True,362.05,21.0,True,12.05,1.03
大连市,2025-04,2025-04-17,0.0,30.34,63.25,93.59,https://www.celma.org.cn/dfzfxjh/64431.jhtml,93.59,0.0,30.34,63.25,0.0,8.0,2025-04-15,True,True,93.59,-2.0,False,0.0,1.0
天津市,2025-04,2025-04-30,0.0,0.8,195.64,196.44,https://www.celma.org.cn/dfzfxjh/64626.jhtml,196.44,0.0,0.8,195.64,0.0,6.0,2025-04-28,True,True,196.44,-2.0,False,0.0,1.0
宁夏回族自治区,2025-04,2025-03-21,52.0,2.0,0.0,54.0,https://www.celma.org.cn/dfzfxjh/64222.jhtml,44.0,44.0,0.0,0.0,0.0,1.0,2025-04-17,True,True,44.0,18.0,False,-10.0,0.81
宁波市,2025-04,2025-03-20,0.0,130.0,0.0,130.0,https://www.celma.org.cn/dfzfxjh/64201.jhtml,,,,,,,,True,False,,,True,,
安徽省,2025-04,2025-03-20,0.0,0.0,380.0,380.0,https://www.celma.org.cn/dfzfxjh/64168.jhtml,433.09,0.0,53.09,380.0,0.0,4.0,2025-04-25,True,True,433.09,25.0,True,53.09,1.14
山东省,2025-04,2025-03-17,30.0,316.7,377.0,723.7,https://www.celma.org.cn/dfzfxjh/64411.jhtml,438.0,0.0,333.13,104.87,0.0,9.0,2025-04-22,True,True,438.0,25.0,True,-285.7,0.61
山西省,2025-04,2025-03-19,0.0,0.0,0.0,0.0,https://www.celma.org.cn/dfzfxjh/64159.jhtml,,,,,,,,True,False,,,True,,
广东省,2025-04,2025-04-18,0.0,0.0,0.0,0.0,https://www.celma.org.cn/dfzfxjh/64440.jhtml,,,,,,,,True,False,,,False,,
广西壮族自治区,2025-04,2025-03-14,0.0,370.31,0.0,370.31,https://www.celma.org.cn/dfzfxjh/64138.jhtml,,,,,,,,True,False,,,True,,
新疆生产建设兵团,2025-04,2025-04-28,48.0,0.0,14.09,62.09,https://www.celma.org.cn/dfzfxjh/64554.jhtml,62.09,48.0,0.0,14.09,0.0,4.0,2025-04-29,True,True,62.09,1.0,False,0.0,1.0
新疆维吾尔自治区,2025-04,2025-04-17,12.8,17.0,0.0,29.8,https://www.celma.org.cn/dfzfxjh/64433.jhtml,29.8,12.8,17.0,0.0,0.0,5.0,2025-04-24,True,True,29.8,5.0,False,0.0,1.0
江苏省,2025-04,2025-03-20,0.0,0.0,413.66,413.66,https://www.celma.org.cn/dfzfxjh/64206.jhtml,413.66,0.0,0.0,413.66,0.0,4.0,2025-04-24,True,True,413.66,24.0,True,-0.0,1.0
江西省,2025-04,2025-03-26,0.0,0.0,0.0,0.0,https://www.celma.org.cn/dfzfxjh/64254.jhtml,137.76,0.0,137.76,0.0,0.0,6.0,2025-04-10,True,True,137.76,10.0,False,137.76,
河北省,2025-04,2025-03-19,60.0,0.0,0.0,60.0,https://www.celma.org.cn/dfzfxjh/64162.jhtml,,,,,,,,True,False,,,True,,
河南省,2025-04,2025-05-23,0.0,0.0,0.0,0.0,https://www.celma.org.cn/dfzfxjh/64926.jhtml,,,,,,,,True,False,,,False,,
浙江省,2025-04,2025-03-20,0.0,330.0,0.0,330.0,https://www.celma.org.cn/dfzfxjh/64178.jhtml,248.09,0.0,248.09,0.0,0.0,6.0,2025-04-30,True,True,248.09,29.0,True,-81.91,0.75
海南省,2025-04,2025-03-21,24.0,116.71,144.08,284.79,https://www.celma.org.cn/dfzfxjh/64210.jhtml,202.81,14.6,41.13,147.08,0.0,10.0,2025-04-18,True,True,202.81,19.0,False,-81.98,0.71
深圳市,2025-04,2025-03-20,0.0,0.0,0.0,0.0,https://www.celma.org.cn/dfzfxjh/64163.jhtml,97.9,0.0,97.9,0.0,0.0,7.0,2025-04-23,True,True,97.9,23.0,True,97.9,
湖北省,2025-04,2025-03-17,0.0,302.5,119.04,421.54,https://www.celma.org.cn/dfzfxjh/64918.jhtml,421.53,0.0,302.5,119.03,0.0,11.0,2025-04-17,True,True,421.53,22.0,True,-0.01,1.0
湖南省,2025-04,2025-03-10,0.0,0.0,0.0,0.0,https://www.celma.org.cn/dfzfxjh/64080.jhtml,1222.67,69.94,502.73,650.0,0.0,13.0,2025-04-08,True,True,1222.67,20.0,True,1222.67,
甘肃省,2025-04,2025-03-20,0.0,20.0,56.3,76.3,https://www.celma.org.cn/dfzfxjh/64202.jhtml,180.83,0.0,124.53,56.3,0.0,5.0,2025-04-28,True,True,180.83,27.0,True,104.53,2.37
福建省,2025-04,2025-03-12,0.0,556.0,65.2,621.2,https://www.celma.org.cn/dfzfxjh/64116.jhtml,65.19,0.0,0.0,65.19,0.0,4.0,2025-04-02,True,True,65.19,15.0,True,-556.01,0.1
西藏自治区,2025-04,2025-03-12,8.5,12.12,0.0,20.62,https://www.celma.org.cn/dfzfxjh/64115.jhtml,20.62,8.5,12.12,0.0,0.0,3.0,2025-04-14,True,True,20.62,22.0,True,0.0,1.0
贵州省,2025-04,2025-03-20,,,,,https://www.celma.org.cn/dfzfxjh/64185.jhtml,321.88,0.0,0.0,321.88,0.0,3.0,2025-04-15,True,True,321.88,17.0,True,,
辽宁省,2025-04,2025-05-12,14.9,0.0,157.5,172.4,https://www.celma.org.cn/dfzfxjh/64716.jhtml,172.4,14.9,0.0,157.5,0.0,3.0,2025-04-17,True,True,172.4,-15.0,False,0.0,1.0
重庆市,2025-04,2026-05-19,0.0,79.3,292.1,371.4,https://www.celma.org.cn/dfzfxjh/68912.jhtml,371.4,0.0,79.3,292.1,0.0,7.0,2025-04-15,True,True,371.4,-270.0,False,0.0,1.0
陕西省,2025-04,2025-04-27,19.46,20.81,65.37,105.64,https://www.celma.org.cn/dfzfxjh/64536.jhtml,105.65,19.46,20.81,65.38,0.0,4.0,2025-04-29,True,True,105.65,2.0,False,0.01,1.0
青岛市,2025-04,2025-05-20,0.0,107.55,11.08,118.63,https://www.celma.org.cn/dfzfxjh/64827.jhtml,118.63,0.0,107.55,11.08,0.0,6.0,2025-04-23,True,True,118.63,-17.0,False,0.0,1.0
青海省,2025-04,2025-03-14,0.0,0.0,0.0,0.0,https://www.celma.org.cn/dfzfxjh/64131.jhtml,,,,,,,,True,False,,,True,,
黑龙江省,2025-04,2025-03-13,0.0,37.0,484.0,521.0,https://www.celma.org.cn/dfzfxjh/64124.jhtml,538.87,0.0,37.0,501.87,0.0,4.0,2025-04-10,True,True,538.87,19.0,True,17.87,1.03
上海市,2025-05,2025-04-18,0.0,0.0,0.0,0.0,https://www.celma.org.cn/dfzfxjh/64452.jhtml,,,,,,,,True,False,,,True,,
内蒙古自治区,2025-05,2025-04-30,0.0,54.9,0.0,54.9,https://www.celma.org.cn/dfzfxjh/64984.jhtml,54.91,0.0,54.91,0.0,0.0,6.0,2025-05-08,True,True,54.91,3.0,False,0.01,1.0
北京市,2025-05,2025-04-21,0.0,0.0,0.0,0.0,https://www.celma.org.cn/dfzfxjh/64490.jhtml,,,,,,,,True,False,,,False,,
吉林省,2025-05,2025-04-19,30.0,0.0,0.0,30.0,https://www.celma.org.cn/dfzfxjh/64492.jhtml,,,,,,,,True,False,,,True,,
四川省,2025-05,2025-04-17,0.0,350.0,216.0,566.0,https://www.celma.org.cn/dfzfxjh/64428.jhtml,791.35,0.0,419.83,371.52,0.0,13.0,2025-05-13,True,True,791.35,16.0,True,225.35,1.4
大连市,2025-05,2025-05-23,0.0,0.0,52.7,52.7,https://www.celma.org.cn/dfzfxjh/64912.jhtml,52.7,0.0,0.0,52.7,0.0,2.0,2025-05-08,True,True,52.7,-11.0,False,0.0,1.0
天津市,2025-05,2025-04-30,0.0,0.0,0.0,0.0,https://www.celma.org.cn/dfzfxjh/64625.jhtml,,,,,,,,True,False,,,False,,
宁夏回族自治区,2025-05,2025-04-02,0.0,9.0,0.7,9.7,https://www.celma.org.cn/dfzfxjh/64295.jhtml,,,,,,,,True,False,,,True,,
宁波市,2025-05,2025-04-18,0.0,130.0,35.29,165.29,https://www.celma.org.cn/dfzfxjh/64453.jhtml,176.29,11.0,130.0,35.29,0.0,10.0,2025-05-23,True,True,176.29,23.0,True,11.0,1.07
安徽省,2025-05,2025-04-21,63.87,274.35,229.58,567.8,https://www.celma.org.cn/dfzfxjh/64498.jhtml,564.52,63.87,271.07,229.58,0.0,15.0,2025-05-16,True,True,564.52,17.0,False,-3.28,0.99
山东省,2025-05,2025-04-16,36.0,300.0,251.0,587.0,https://www.celma.org.cn/dfzfxjh/64412.jhtml,650.96,0.0,98.71,552.25,0.0,12.0,2025-05-12,True,True,650.96,16.0,True,63.96,1.11
山西省,2025-05,2025-04-18,0.0,0.0,0.0,0.0,https://www.celma.org.cn/dfzfxjh/64482.jhtml,124.65,14.3,58.95,51.4,0.0,7.0,2025-05-15,True,True,124.65,17.0,True,124.65,
广东省,2025-05,2025-06-11,0.0,614.6,86.22,700.82,https://www.celma.org.cn/dfzfxjh/65172.jhtml,700.84,0.0,614.62,86.22,0.0,10.0,2025-05-09,True,True,700.84,-22.0,False,0.02,1.0
广西壮族自治区,2025-05,2025-04-19,97.49,355.04,45.02,497.55,https://www.celma.org.cn/dfzfxjh/64488.jhtml,457.54,97.49,315.04,45.01,0.0,8.0,2025-05-13,True,True,457.54,15.0,True,-40.01,0.92
新疆生产建设兵团,2025-05,2025-04-28,0.0,66.0,0.0,66.0,https://www.celma.org.cn/dfzfxjh/64555.jhtml,66.0,0.0,66.0,0.0,0.0,3.0,2025-05-22,True,True,66.0,15.0,False,0.0,1.0
新疆维吾尔自治区,2025-05,2025-05-12,43.49,48.3,5.83,97.62,https://www.celma.org.cn/dfzfxjh/64720.jhtml,97.62,43.49,48.3,5.83,0.0,8.0,2025-05-21,True,True,97.62,7.0,False,-0.0,1.0
江苏省,2025-05,2025-04-29,0.0,0.0,0.0,0.0,https://www.celma.org.cn/dfzfxjh/64605.jhtml,1039.0,188.0,851.0,0.0,0.0,5.0,2025-05-27,True,True,1039.0,17.0,False,1039.0,
江西省,2025-05,2025-04-17,0.0,0.0,0.0,0.0,https://www.celma.org.cn/dfzfxjh/64426.jhtml,76.93,0.0,76.93,0.0,0.0,7.0,2025-05-08,True,True,76.93,13.0,True,76.93,
河北省,2025-05,2025-04-17,60.0,90.0,32.17,182.17,https://www.celma.org.cn/dfzfxjh/64432.jhtml,52.17,20.0,0.0,32.17,0.0,4.0,2025-05-15,True,True,52.17,18.0,True,-130.0,0.29
河南省,2025-05,2025-05-23,39.21,105.12,0.42,144.75,https://www.celma.org.cn/dfzfxjh/64927.jhtml,144.75,39.21,105.12,0.42,0.0,11.0,2025-05-27,True,True,144.75,2.0,False,0.0,1.0
浙江省,2025-05,2025-04-23,0.0,600.0,152.15,752.15,https://www.celma.org.cn/dfzfxjh/64516.jhtml,704.82,0.0,552.67,152.15,0.0,10.0,2025-05-20,True,True,704.82,17.0,False,-47.33,0.94
海南省,2025-05,2025-04-22,0.0,0.0,0.0,0.0,https://www.celma.org.cn/dfzfxjh/64502.jhtml,,,,,,,,True,False,,,False,,
深圳市,2025-05,2025-03-20,0.0,166.25,30.72,196.97,https://www.celma.org.cn/dfzfxjh/64164.jhtml,160.21,0.0,129.49,30.72,0.0,12.0,2025-05-12,True,True,160.21,34.0,True,-36.76,0.81
湖北省,2025-05,2025-05-19,0.0,0.0,309.03,309.03,https://www.celma.org.cn/dfzfxjh/65104.jhtml,309.03,0.0,0.0,309.03,0.0,5.0,2025-05-19,True,True,309.03,0.0,False,0.0,1.0
湖南省,2025-05,2025-04-18,0.0,0.0,0.0,0.0,https://www.celma.org.cn/dfzfxjh/64437.jhtml,119.61,0.0,0.0,119.61,0.0,2.0,2025-05-14,True,True,119.61,16.0,True,119.61,
甘肃省,2025-05,2025-04-18,0.0,120.0,59.7,179.7,https://www.celma.org.cn/dfzfxjh/64473.jhtml,106.72,0.0,19.86,86.86,0.0,3.0,2025-05-27,True,True,106.72,25.0,True,-72.98,0.59
福建省,2025-05,2025-04-22,0.0,556.0,0.0,556.0,https://www.celma.org.cn/dfzfxjh/64501.jhtml,555.99,0.0,555.99,0.0,0.0,8.0,2025-05-08,True,True,555.99,10.0,False,-0.01,1.0
西藏自治区,2025-05,2026-06-11,0.0,0.0,0.0,0.0,https://www.celma.org.cn/dfzfxjh/69280.jhtml,,,,,,,,True,False,,,False,,
贵州省,2025-05,2025-04-18,,,,,https://www.celma.org.cn/dfzfxjh/64493.jhtml,120.76,0.0,0.0,120.76,0.0,2.0,2025-05-20,True,True,120.76,20.0,True,,
辽宁省,2025-05,2025-06-11,0.0,0.0,162.75,162.75,https://www.celma.org.cn/dfzfxjh/65186.jhtml,162.75,0.0,0.0,162.75,0.0,2.0,2025-05-26,True,True,162.75,-11.0,False,0.0,1.0
重庆市,2025-05,2025-06-13,0.0,13.27,262.26,275.53,https://www.celma.org.cn/dfzfxjh/65216.jhtml,275.53,0.0,13.27,262.26,0.0,7.0,2025-05-22,True,True,275.53,-15.0,False,0.0,1.0
陕西省,2025-05,2025-04-27,33.0,104.0,65.37,202.37,https://www.celma.org.cn/dfzfxjh/64537.jhtml,118.56,8.7,18.87,90.99,0.0,4.0,2025-05-29,True,True,118.56,21.0,False,-83.81,0.59
青岛市,2025-05,2026-05-15,0.7,31.13,19.52,51.35,https://www.celma.org.cn/dfzfxjh/68851.jhtml,51.35,0.7,31.13,19.52,0.0,7.0,2025-05-19,True,True,51.35,-246.0,False,0.0,1.0
青海省,2025-05,2025-04-09,0.0,0.0,0.0,0.0,https://www.celma.org.cn/dfzfxjh/64329.jhtml,,,,,,,,True,False,,,True,,
黑龙江省,2025-05,2025-04-17,0.0,0.0,58.89,58.89,https://www.celma.org.cn/dfzfxjh/64430.jhtml,58.89,0.0,0.0,58.89,0.0,2.0,2025-05-20,True,True,58.89,21.0,True,0.0,1.0
上海市,2025-06,2025-06-10,106.0,714.7,449.87,1270.57,https://www.celma.org.cn/dfzfxjh/65157.jhtml,1270.59,106.0,714.72,449.87,0.0,23.0,2025-06-19,True,True,1270.59,7.0,False,0.02,1.0
云南省,2025-06,2025-05-30,0.0,0.0,314.98,314.98,https://www.celma.org.cn/dfzfxjh/65060.jhtml,942.83,0.0,100.85,841.98,0.0,11.0,2025-06-09,True,True,942.83,5.0,False,627.85,2.99
内蒙古自治区,2025-06,2025-06-16,0.0,0.0,161.29,161.29,https://www.celma.org.cn/dfzfxjh/65225.jhtml,161.29,0.0,0.0,161.29,0.0,1.0,2025-06-23,True,True,161.29,5.0,False,0.0,1.0
北京市,2025-06,2025-05-16,81.0,660.79,490.38,1232.17,https://www.celma.org.cn/dfzfxjh/64793.jhtml,1230.17,81.0,658.79,490.38,0.0,27.0,2025-06-17,True,True,1230.17,21.0,True,-2.0,1.0
厦门市,2025-06,2025-05-13,9.0,60.0,0.0,69.0,https://www.celma.org.cn/dfzfxjh/64725.jhtml,,,,,,,,True,False,,,True,,
吉林省,2025-06,2025-05-15,33.17,0.0,166.21,199.38,https://www.celma.org.cn/dfzfxjh/64768.jhtml,199.38,33.17,0.0,166.21,0.0,4.0,2025-06-05,True,True,199.38,14.0,True,0.0,1.0
四川省,2025-06,2025-05-15,0.0,171.44,232.0,403.44,https://www.celma.org.cn/dfzfxjh/64766.jhtml,268.17,0.0,36.19,231.98,0.0,3.0,2025-06-25,True,True,268.17,28.0,True,-135.27,0.66
天津市,2025-06,2025-05-28,53.6,73.04,307.64,434.28,https://www.celma.org.cn/dfzfxjh/65047.jhtml,434.28,53.6,73.04,307.64,0.0,17.0,2025-06-05,True,True,434.28,5.0,False,0.0,1.0
宁夏回族自治区,2025-06,2025-06-04,10.0,18.0,17.85,45.85,https://www.celma.org.cn/dfzfxjh/65074.jhtml,,,,,,,,True,False,,,False,,
宁波市,2025-06,2025-05-16,0.0,0.0,0.0,0.0,https://www.celma.org.cn/dfzfxjh/64800.jhtml,,,,,,,,True,False,,,True,,
安徽省,2025-06,2025-05-20,,,313.02,313.02,https://www.celma.org.cn/dfzfxjh/64853.jhtml,561.29,0.0,248.27,313.02,0.0,16.0,2025-06-23,True,True,561.29,23.0,True,248.27,1.79
山东省,2025-06,2025-05-09,0.0,318.0,288.0,606.0,https://www.celma.org.cn/dfzfxjh/64698.jhtml,776.22,0.0,563.78,212.44,0.0,13.0,2025-06-13,True,True,776.22,24.0,True,170.22,1.28
山西省,2025-06,2025-05-16,0.0,0.0,45.0,45.0,https://www.celma.org.cn/dfzfxjh/64791.jhtml,106.79,13.0,48.62,45.17,0.0,8.0,2025-06-12,True,True,106.79,18.0,True,61.79,2.37
广东省,2025-06,2025-07-10,56.56,154.88,348.49,559.93,https://www.celma.org.cn/dfzfxjh/65568.jhtml,559.93,56.56,154.88,348.49,0.0,8.0,2025-06-27,True,True,559.93,-9.0,False,0.0,1.0
广西壮族自治区,2025-06,2025-05-20,50.0,95.27,11.34,156.61,https://www.celma.org.cn/dfzfxjh/64850.jhtml,133.91,27.3,95.27,11.34,0.0,3.0,2025-06-16,True,True,133.91,18.0,True,-22.7,0.86
新疆维吾尔自治区,2025-06,2025-06-05,27.53,337.87,17.12,382.52,https://www.celma.org.cn/dfzfxjh/65106.jhtml,382.52,27.53,337.87,17.12,0.0,10.0,2025-06-23,True,True,382.52,12.0,False,0.0,1.0
江苏省,2025-06,2025-05-20,0.0,0.0,0.0,0.0,https://www.celma.org.cn/dfzfxjh/64868.jhtml,,,,,,,,True,False,,,True,,
江西省,2025-06,2025-05-15,0.0,0.0,0.0,0.0,https://www.celma.org.cn/dfzfxjh/64765.jhtml,604.66,118.15,261.93,224.58,0.0,11.0,2025-06-26,True,True,604.66,29.0,True,604.66,
河北省,2025-06,2025-05-19,0.0,0.0,102.82,102.82,https://www.celma.org.cn/dfzfxjh/64814.jhtml,848.8,143.0,545.64,160.16,0.0,16.0,2025-06-03,True,True,848.8,10.0,True,745.98,8.26
河南省,2025-06,2025-05-28,18.0,67.47,431.49,516.96,https://www.celma.org.cn/dfzfxjh/69223.jhtml,516.96,18.0,67.47,431.49,0.0,14.0,2025-06-04,True,True,516.96,4.0,False,0.0,1.0
浙江省,2025-06,2025-05-19,92.0,865.85,0.0,957.85,https://www.celma.org.cn/dfzfxjh/64812.jhtml,374.94,66.0,308.94,0.0,0.0,9.0,2025-06-30,True,True,374.94,29.0,True,-582.91,0.39
海南省,2025-06,2025-05-20,30.0,90.0,100.93,220.93,https://www.celma.org.cn/dfzfxjh/64849.jhtml,206.61,19.34,86.34,100.93,0.0,12.0,2025-06-18,True,True,206.61,20.0,True,-14.32,0.94
深圳市,2025-06,2025-03-20,0.0,0.0,0.0,0.0,https://www.celma.org.cn/dfzfxjh/64165.jhtml,59.59,0.0,59.59,0.0,0.0,7.0,2025-06-20,True,True,59.59,62.0,True,59.59,
湖北省,2025-06,2025-05-15,0.0,319.34,218.82,538.16,https://www.celma.org.cn/dfzfxjh/65590.jhtml,537.97,0.0,319.15,218.82,0.0,18.0,2025-06-19,True,True,537.97,24.0,True,-0.19,1.0
湖南省,2025-06,2025-05-15,0.0,0.0,0.0,0.0,https://www.celma.org.cn/dfzfxjh/64769.jhtml,407.03,0.0,170.54,236.49,0.0,7.0,2025-06-03,True,True,407.03,12.0,True,407.03,
甘肃省,2025-06,2025-05-14,80.0,148.0,0.0,228.0,https://www.celma.org.cn/dfzfxjh/64751.jhtml,131.8,76.83,54.97,0.0,0.0,2.0,2025-06-17,True,True,131.8,23.0,True,-96.2,0.58
福建省,2025-06,2025-05-14,64.58,457.0,0.0,521.58,https://www.celma.org.cn/dfzfxjh/64746.jhtml,,,,,,,,True,False,,,True,,
西藏自治区,2025-06,2025-05-16,0.0,0.0,0.0,0.0,https://www.celma.org.cn/dfzfxjh/64796.jhtml,,,,,,,,True,False,,,True,,
贵州省,2025-06,2025-05-19,,,,,https://www.celma.org.cn/dfzfxjh/64817.jhtml,103.4,0.0,14.0,89.4,0.0,5.0,2025-06-23,True,True,103.4,24.0,True,,
辽宁省,2025-06,2025-07-15,0.0,22.1,159.67,181.77,https://www.celma.org.cn/dfzfxjh/65615.jhtml,181.77,0.0,22.1,159.67,0.0,5.0,2025-06-12,True,True,181.77,-23.0,False,-0.0,1.0
重庆市,2025-06,2025-06-13,0.0,122.3,77.78,200.08,https://www.celma.org.cn/dfzfxjh/65215.jhtml,200.08,0.0,122.3,77.78,0.0,5.0,2025-06-19,True,True,200.08,4.0,False,-0.0,1.0
陕西省,2025-06,2025-05-20,33.0,100.0,103.96,236.96,https://www.celma.org.cn/dfzfxjh/64831.jhtml,124.62,21.5,57.96,45.16,0.0,6.0,2025-06-23,True,True,124.62,23.0,True,-112.34,0.53
青岛市,2025-06,2026-05-15,0.0,109.77,44.18,153.95,https://www.celma.org.cn/dfzfxjh/68852.jhtml,153.95,0.0,109.77,44.18,0.0,12.0,2025-06-17,True,True,153.95,-226.0,False,0.0,1.0
青海省,2025-06,2025-05-15,30.0,57.2,48.48,135.68,https://www.celma.org.cn/dfzfxjh/64761.jhtml,,,,,,,,True,False,,,True,,
黑龙江省,2025-06,2025-05-19,152.06,127.0,52.66,331.72,https://www.celma.org.cn/dfzfxjh/64813.jhtml,273.69,148.98,37.99,86.72,0.0,11.0,2025-06-05,True,True,273.69,12.0,True,-58.03,0.83
上海市,2025-07,2025-06-20,0.0,0.0,0.0,0.0,https://www.celma.org.cn/dfzfxjh/65303.jhtml,,,,,,,,True,False,,,True,,
云南省,2025-07,2025-07-07,0.0,308.27,0.0,308.27,https://www.celma.org.cn/dfzfxjh/65526.jhtml,885.76,0.0,664.27,221.49,0.0,11.0,2025-07-14,True,True,885.76,5.0,False,577.49,2.87
内蒙古自治区,2025-07,2025-08-13,0.0,165.0,68.88,233.88,https://www.celma.org.cn/dfzfxjh/66024.jhtml,233.88,0.0,165.0,68.88,0.0,3.0,2025-07-01,True,True,233.88,-31.0,False,0.0,1.0
北京市,2025-07,2025-06-17,0.0,2.0,195.15,197.15,https://www.celma.org.cn/dfzfxjh/65237.jhtml,195.14,0.0,0.0,195.14,0.0,6.0,2025-07-28,True,True,195.14,29.0,True,-2.01,0.99
厦门市,2025-07,2025-06-06,9.0,100.0,0.0,109.0,https://www.celma.org.cn/dfzfxjh/65123.jhtml,89.74,9.0,48.22,32.52,0.0,4.0,2025-07-25,True,True,89.74,35.0,True,-19.26,0.82
吉林省,2025-07,2025-06-20,0.0,260.0,77.98,337.98,https://www.celma.org.cn/dfzfxjh/65315.jhtml,337.98,0.0,260.0,77.98,0.0,4.0,2025-07-09,True,True,337.98,13.0,True,0.0,1.0
四川省,2025-07,2025-06-12,210.0,600.0,217.0,1027.0,https://www.celma.org.cn/dfzfxjh/65189.jhtml,947.14,0.0,852.66,94.48,0.0,12.0,2025-07-22,True,True,947.14,28.0,True,-79.86,0.92
大连市,2025-07,2025-07-28,0.0,0.0,66.37,66.37,https://www.celma.org.cn/dfzfxjh/65805.jhtml,66.37,0.0,0.0,66.37,0.0,2.0,2025-07-15,True,True,66.37,-9.0,False,0.0,1.0
天津市,2025-07,2025-07-14,0.0,0.0,219.48,219.48,https://www.celma.org.cn/dfzfxjh/65605.jhtml,219.48,0.0,0.0,219.48,0.0,3.0,2025-07-21,True,True,219.48,5.0,False,0.0,1.0
宁夏回族自治区,2025-07,2025-06-20,0.0,42.29,78.19,120.47,https://www.celma.org.cn/dfzfxjh/65317.jhtml,188.11,30.0,79.92,78.19,0.0,15.0,2025-07-04,True,True,188.11,10.0,True,67.64,1.56
宁波市,2025-07,2025-06-18,0.0,0.0,203.18,203.18,https://www.celma.org.cn/dfzfxjh/65249.jhtml,156.13,0.0,0.0,156.13,0.0,2.0,2025-07-09,True,True,156.13,15.0,True,-47.05,0.77
安徽省,2025-07,2025-06-18,75.91,509.0,361.09,946.0,https://www.celma.org.cn/dfzfxjh/65250.jhtml,698.57,75.91,252.8,369.86,0.0,15.0,2025-07-08,True,True,698.57,14.0,True,-247.43,0.74
山东省,2025-07,2025-06-17,60.0,200.0,47.29,307.29,https://www.celma.org.cn/dfzfxjh/65240.jhtml,533.04,93.29,392.46,47.29,0.0,16.0,2025-07-17,True,True,533.04,22.0,True,225.75,1.73
山西省,2025-07,2025-06-19,45.0,52.0,61.83,158.83,https://www.celma.org.cn/dfzfxjh/65285.jhtml,125.95,2.18,61.94,61.83,0.0,11.0,2025-07-30,True,True,125.95,29.0,True,-32.88,0.79
广东省,2025-07,2025-08-12,10.0,271.4,209.29,490.69,https://www.celma.org.cn/dfzfxjh/66001.jhtml,490.7,10.0,271.41,209.29,0.0,7.0,2025-07-22,True,True,490.7,-15.0,False,0.01,1.0
广西壮族自治区,2025-07,2025-06-09,0.0,183.0,82.75,265.75,https://www.celma.org.cn/dfzfxjh/65148.jhtml,285.5,0.0,87.73,197.77,0.0,3.0,2025-07-18,True,True,285.5,29.0,True,19.75,1.07
新疆维吾尔自治区,2025-07,2025-06-24,60.0,150.0,24.07,234.07,https://www.celma.org.cn/dfzfxjh/65340.jhtml,345.15,159.89,161.19,24.07,0.0,8.0,2025-07-15,True,True,345.15,15.0,False,111.08,1.47
江苏省,2025-07,2025-06-20,0.0,0.0,449.9,449.9,https://www.celma.org.cn/dfzfxjh/65313.jhtml,449.9,0.0,0.0,449.9,0.0,5.0,2025-07-25,True,True,449.9,25.0,True,0.0,1.0
江西省,2025-07,2025-06-18,0.0,0.0,0.0,0.0,https://www.celma.org.cn/dfzfxjh/65252.jhtml,272.55,0.0,147.44,125.11,0.0,12.0,2025-07-28,True,True,272.55,28.0,True,272.55,
河北省,2025-07,2025-06-20,0.0,591.31,24.49,615.8,https://www.celma.org.cn/dfzfxjh/65302.jhtml,24.49,0.0,0.0,24.49,0.0,2.0,2025-07-17,True,True,24.49,19.0,True,-591.31,0.04
河南省,2025-07,2025-06-27,25.0,133.21,118.65,276.86,https://www.celma.org.cn/dfzfxjh/69229.jhtml,276.86,25.0,133.21,118.65,0.0,9.0,2025-07-23,True,True,276.86,18.0,False,0.0,1.0
浙江省,2025-07,2025-06-20,0.0,700.0,73.57,773.57,https://www.celma.org.cn/dfzfxjh/65312.jhtml,921.78,0.0,848.21,73.57,0.0,11.0,2025-07-21,True,True,921.78,21.0,True,148.21,1.19
海南省,2025-07,2025-06-20,30.0,94.08,20.0,144.08,https://www.celma.org.cn/dfzfxjh/65314.jhtml,,,,,,,,True,False,,,True,,
深圳市,2025-07,2025-06-19,0.0,161.6,0.0,161.6,https://www.celma.org.cn/dfzfxjh/65282.jhtml,67.92,0.0,67.92,0.0,0.0,7.0,2025-07-11,True,True,67.92,16.0,True,-93.68,0.42
湖北省,2025-07,2025-06-18,0.0,0.0,230.02,230.02,https://www.celma.org.cn/dfzfxjh/65912.jhtml,230.02,0.0,0.0,230.02,0.0,8.0,2025-07-11,True,True,230.02,17.0,True,0.0,1.0
湖南省,2025-07,2025-06-13,0.0,0.0,0.0,0.0,https://www.celma.org.cn/dfzfxjh/65202.jhtml,998.46,121.27,176.9,700.29,0.0,10.0,2025-07-07,True,True,998.46,16.0,True,998.46,
甘肃省,2025-07,2025-06-18,0.0,123.0,100.0,223.0,https://www.celma.org.cn/dfzfxjh/65266.jhtml,235.01,0.0,138.73,96.28,0.0,3.0,2025-07-09,True,True,235.01,15.0,True,12.01,1.05
福建省,2025-07,2025-06-16,64.58,535.0,192.06,791.65,https://www.celma.org.cn/dfzfxjh/65226.jhtml,791.64,64.58,535.0,192.06,0.0,12.0,2025-07-08,True,True,791.64,16.0,True,-0.01,1.0
西藏自治区,2025-07,2026-01-23,59.5,13.98,0.0,73.48,https://www.celma.org.cn/dfzfxjh/67692.jhtml,13.98,0.0,13.98,0.0,0.0,4.0,2025-07-18,True,True,13.98,-130.0,False,-59.5,0.19
贵州省,2025-07,2025-06-20,,,,,https://www.celma.org.cn/dfzfxjh/65308.jhtml,408.32,0.0,122.0,286.32,0.0,3.0,2025-07-08,True,True,408.32,12.0,True,,
辽宁省,2025-07,2025-08-19,0.0,225.73,122.73,348.46,https://www.celma.org.cn/dfzfxjh/66120.jhtml,348.46,0.0,225.73,122.73,0.0,9.0,2025-07-18,True,True,348.46,-22.0,False,0.0,1.0
重庆市,2025-07,2025-07-15,119.07,277.14,198.32,594.53,https://www.celma.org.cn/dfzfxjh/65626.jhtml,594.53,119.07,277.14,198.32,0.0,8.0,2025-07-22,True,True,594.53,5.0,False,0.0,1.0
陕西省,2025-07,2025-06-23,63.19,218.26,162.72,444.17,https://www.celma.org.cn/dfzfxjh/65322.jhtml,271.63,69.58,39.32,162.73,0.0,7.0,2025-07-14,True,True,271.63,15.0,False,-172.54,0.61
青岛市,2025-07,2026-05-15,0.0,0.0,0.0,0.0,https://www.celma.org.cn/dfzfxjh/68853.jhtml,,,,,,,,True,False,,,False,,
青海省,2025-07,2025-06-13,30.0,57.2,48.48,135.68,https://www.celma.org.cn/dfzfxjh/65200.jhtml,117.19,11.51,57.2,48.48,0.0,6.0,2025-07-09,True,True,117.19,18.0,True,-18.49,0.86
黑龙江省,2025-07,2025-06-18,20.0,89.0,152.82,261.82,https://www.celma.org.cn/dfzfxjh/65271.jhtml,254.06,12.24,89.0,152.82,0.0,4.0,2025-07-10,True,True,254.06,16.0,True,-7.76,0.97
上海市,2025-08,2025-07-18,0.0,0.0,0.0,0.0,https://www.celma.org.cn/dfzfxjh/65689.jhtml,436.38,0.0,159.15,277.23,0.0,11.0,2025-08-29,True,True,436.38,30.0,True,436.38,
内蒙古自治区,2025-08,2025-08-26,124.07,2.1,446.31,572.48,https://www.celma.org.cn/dfzfxjh/66208.jhtml,572.48,124.07,2.1,446.31,0.0,5.0,2025-08-12,True,True,572.48,-10.0,False,0.0,1.0
北京市,2025-08,2025-07-14,0.0,0.0,131.89,131.89,https://www.celma.org.cn/dfzfxjh/65602.jhtml,133.89,0.0,2.0,131.89,0.0,5.0,2025-08-21,True,True,133.89,28.0,True,2.0,1.02
厦门市,2025-08,2025-07-24,0.0,80.0,0.0,80.0,https://www.celma.org.cn/dfzfxjh/65777.jhtml,,,,,,,,True,False,,,False,,
吉林省,2025-08,2025-07-18,38.0,65.66,0.0,103.66,https://www.celma.org.cn/dfzfxjh/65708.jhtml,143.28,32.08,91.2,20.0,0.0,3.0,2025-08-20,True,True,143.28,23.0,True,39.62,1.38
四川省,2025-08,2025-07-21,0.0,0.0,208.0,208.0,https://www.celma.org.cn/dfzfxjh/65713.jhtml,524.02,210.97,104.86,208.19,0.0,9.0,2025-08-14,True,True,524.02,18.0,False,316.02,2.52
大连市,2025-08,2025-08-28,0.0,21.98,12.11,34.09,https://www.celma.org.cn/dfzfxjh/66238.jhtml,34.09,0.0,21.98,12.11,0.0,4.0,2025-08-15,True,True,34.09,-9.0,False,0.0,1.0
天津市,2025-08,2025-07-29,10.76,221.34,0.0,232.1,https://www.celma.org.cn/dfzfxjh/65834.jhtml,232.1,10.76,221.34,0.0,0.0,5.0,2025-08-05,True,True,232.1,5.0,False,0.0,1.0
宁夏回族自治区,2025-08,2025-07-15,24.0,20.0,0.0,44.0,https://www.celma.org.cn/dfzfxjh/65618.jhtml,23.0,0.0,23.0,0.0,0.0,1.0,2025-08-27,True,True,23.0,31.0,True,-21.0,0.52
宁波市,2025-08,2025-07-15,0.0,263.0,47.05,310.05,https://www.celma.org.cn/dfzfxjh/65620.jhtml,300.05,0.0,253.0,47.05,0.0,12.0,2025-08-04,True,True,300.05,14.0,True,-10.0,0.97
安徽省,2025-08,2025-07-18,0.0,506.87,420.65,927.52,https://www.celma.org.cn/dfzfxjh/65686.jhtml,877.52,0.0,456.87,420.65,0.0,21.0,2025-08-26,True,True,877.52,27.0,True,-50.0,0.95
山东省,2025-08,2025-07-21,40.0,280.0,79.23,399.23,https://www.celma.org.cn/dfzfxjh/65739.jhtml,269.36,0.0,269.36,0.0,0.0,8.0,2025-08-20,True,True,269.36,22.0,False,-129.87,0.67
山西省,2025-08,2025-07-18,33.0,290.0,23.0,346.0,https://www.celma.org.cn/dfzfxjh/65694.jhtml,239.06,98.9,102.4,37.76,0.0,12.0,2025-08-15,True,True,239.06,20.0,True,-106.94,0.69
广东省,2025-08,2025-08-12,0.0,850.5,70.73,921.23,https://www.celma.org.cn/dfzfxjh/66003.jhtml,558.26,0.0,488.01,70.25,0.0,9.0,2025-08-19,True,True,558.26,5.0,False,-362.97,0.61
广西壮族自治区,2025-08,2025-07-20,0.0,244.0,99.37,343.37,https://www.celma.org.cn/dfzfxjh/65707.jhtml,92.6,0.0,0.0,92.6,0.0,1.0,2025-08-12,True,True,92.6,17.0,True,-250.77,0.27
新疆生产建设兵团,2025-08,2025-08-05,32.0,0.0,0.0,32.0,https://www.celma.org.cn/dfzfxjh/65899.jhtml,32.0,32.0,0.0,0.0,0.0,2.0,2025-08-05,True,True,32.0,0.0,False,0.0,1.0
新疆维吾尔自治区,2025-08,2025-07-23,60.0,500.0,0.0,560.0,https://www.celma.org.cn/dfzfxjh/65757.jhtml,206.21,3.17,203.04,0.0,0.0,8.0,2025-08-27,True,True,206.21,25.0,False,-353.79,0.37
江苏省,2025-08,2025-07-18,0.0,363.33,0.0,363.33,https://www.celma.org.cn/dfzfxjh/65698.jhtml,579.88,0.0,579.88,0.0,0.0,4.0,2025-08-27,True,True,579.88,28.0,True,216.55,1.6
江西省,2025-08,2025-07-16,0.0,0.0,0.0,0.0,https://www.celma.org.cn/dfzfxjh/65637.jhtml,73.78,0.0,73.78,0.0,0.0,7.0,2025-08-29,True,True,73.78,32.0,True,73.78,
河北省,2025-08,2025-07-18,80.0,410.0,194.14,684.14,https://www.celma.org.cn/dfzfxjh/65696.jhtml,677.68,80.07,403.47,194.14,0.0,16.0,2025-08-08,True,True,677.68,15.0,True,-6.46,0.99
河南省,2025-08,2025-07-30,0.0,73.75,399.11,472.86,https://www.celma.org.cn/dfzfxjh/69230.jhtml,472.85,0.0,73.75,399.1,0.0,11.0,2025-08-06,True,True,472.85,5.0,False,-0.01,1.0
浙江省,2025-08,2025-07-21,0.0,400.0,360.0,760.0,https://www.celma.org.cn/dfzfxjh/65736.jhtml,746.2,0.0,389.69,356.51,0.0,11.0,2025-08-21,True,True,746.2,23.0,False,-13.8,0.98
海南省,2025-08,2025-07-17,30.0,130.0,70.2,230.2,https://www.celma.org.cn/dfzfxjh/65671.jhtml,214.4,13.32,88.84,112.24,0.0,13.0,2025-08-21,True,True,214.4,25.0,True,-15.8,0.93
深圳市,2025-08,2025-06-19,0.0,100.0,0.0,100.0,https://www.celma.org.cn/dfzfxjh/65283.jhtml,80.48,0.0,80.48,0.0,0.0,12.0,2025-08-18,True,True,80.48,42.0,True,-19.52,0.8
湖北省,2025-08,2025-07-18,0.0,0.0,135.02,135.02,https://www.celma.org.cn/dfzfxjh/65913.jhtml,135.03,0.0,0.0,135.03,0.0,6.0,2025-08-08,True,True,135.03,15.0,True,0.01,1.0
湖南省,2025-08,2025-07-14,0.0,0.0,0.0,0.0,https://www.celma.org.cn/dfzfxjh/65599.jhtml,666.44,0.0,366.37,300.07,0.0,12.0,2025-08-07,True,True,666.44,18.0,True,666.44,
甘肃省,2025-08,2025-07-18,0.0,145.0,52.0,197.0,https://www.celma.org.cn/dfzfxjh/65688.jhtml,171.93,0.0,119.7,52.23,0.0,11.0,2025-08-21,True,True,171.93,24.0,True,-25.07,0.87
西藏自治区,2025-08,2026-06-11,0.0,0.0,0.0,0.0,https://www.celma.org.cn/dfzfxjh/69281.jhtml,,,,,,,,True,False,,,False,,
贵州省,2025-08,2025-07-18,0.0,228.0,181.5,409.5,https://www.celma.org.cn/dfzfxjh/65695.jhtml,132.28,0.0,0.0,132.28,0.0,3.0,2025-08-22,True,True,132.28,25.0,True,-277.22,0.32
辽宁省,2025-08,2025-09-18,44.32,127.14,122.21,293.67,https://www.celma.org.cn/dfzfxjh/66449.jhtml,293.67,44.32,127.14,122.21,0.0,6.0,2025-08-12,True,True,293.67,-27.0,False,0.0,1.0
重庆市,2025-08,2026-05-19,0.0,21.55,99.3,120.85,https://www.celma.org.cn/dfzfxjh/68913.jhtml,120.85,0.0,21.55,99.3,0.0,3.0,2025-08-05,True,True,120.85,-193.0,False,0.0,1.0
陕西省,2025-08,2025-07-16,63.19,218.0,186.48,467.67,https://www.celma.org.cn/dfzfxjh/65641.jhtml,461.67,119.98,155.42,186.27,0.0,12.0,2025-08-06,True,True,461.67,15.0,True,-6.0,0.99
青岛市,2025-08,2026-05-15,54.9,12.12,107.87,174.89,https://www.celma.org.cn/dfzfxjh/68854.jhtml,174.89,54.9,12.12,107.87,0.0,7.0,2025-08-11,True,True,174.89,-187.0,False,0.0,1.0
青海省,2025-08,2025-07-02,55.55,0.0,114.8,170.35,https://www.celma.org.cn/dfzfxjh/65484.jhtml,,,,,,,,True,False,,,True,,
黑龙江省,2025-08,2025-07-16,7.76,0.0,125.1,132.86,https://www.celma.org.cn/dfzfxjh/65632.jhtml,125.1,0.0,0.0,125.1,0.0,2.0,2025-08-07,True,True,125.1,16.0,True,-7.76,0.94
上海市,2025-09,2025-08-19,0.0,0.0,0.0,0.0,https://www.celma.org.cn/dfzfxjh/66124.jhtml,,,,,,,,True,False,,,True,,
云南省,2025-09,2025-09-12,93.3,16.79,199.25,309.34,https://www.celma.org.cn/dfzfxjh/66379.jhtml,309.33,93.3,16.79,199.24,0.0,8.0,2025-09-19,True,True,309.33,5.0,False,-0.01,1.0
内蒙古自治区,2025-09,2025-09-16,0.0,0.0,193.94,193.94,https://www.celma.org.cn/dfzfxjh/66420.jhtml,193.95,0.0,0.0,193.95,0.0,2.0,2025-09-29,True,True,193.95,10.0,False,0.01,1.0
北京市,2025-09,2025-08-11,0.0,0.0,0.0,0.0,https://www.celma.org.cn/dfzfxjh/65967.jhtml,,,,,,,,True,False,,,True,,
厦门市,2025-09,2025-08-14,0.0,100.0,0.0,100.0,https://www.celma.org.cn/dfzfxjh/66031.jhtml,92.24,0.0,80.0,12.24,0.0,9.0,2025-09-24,True,True,92.24,29.0,True,-7.76,0.92
吉林省,2025-09,2025-08-19,1.02,81.6,26.79,109.41,https://www.celma.org.cn/dfzfxjh/66125.jhtml,166.38,2.19,137.4,26.79,0.0,5.0,2025-09-11,True,True,166.38,17.0,True,56.97,1.52
四川省,2025-09,2025-08-18,0.0,0.0,324.0,324.0,https://www.celma.org.cn/dfzfxjh/66078.jhtml,324.03,0.0,0.0,324.03,0.0,2.0,2025-09-11,True,True,324.03,18.0,True,0.03,1.0
大连市,2025-09,2025-09-25,9.0,94.5,62.92,166.42,https://www.celma.org.cn/dfzfxjh/66557.jhtml,166.43,9.0,94.5,62.93,0.0,6.0,2025-09-08,True,True,166.43,-13.0,False,0.01,1.0
天津市,2025-09,2025-09-17,13.04,165.42,0.0,178.46,https://www.celma.org.cn/dfzfxjh/66433.jhtml,178.46,13.04,165.42,0.0,0.0,15.0,2025-09-24,True,True,178.46,5.0,False,0.0,1.0
宁夏回族自治区,2025-09,2025-08-05,24.0,50.0,18.4,92.4,https://www.celma.org.cn/dfzfxjh/65905.jhtml,203.22,21.0,78.58,103.64,0.0,18.0,2025-09-08,True,True,203.22,24.0,True,110.82,2.2
宁波市,2025-09,2025-08-19,0.0,0.0,0.0,0.0,https://www.celma.org.cn/dfzfxjh/66109.jhtml,,,,,,,,True,False,,,True,,
安徽省,2025-09,2025-08-19,0.0,50.0,21.86,71.86,https://www.celma.org.cn/dfzfxjh/66116.jhtml,71.87,0.0,50.0,21.87,0.0,4.0,2025-09-16,True,True,71.87,20.0,True,0.01,1.0
山东省,2025-09,2025-08-18,30.0,280.0,79.23,389.23,https://www.celma.org.cn/dfzfxjh/66096.jhtml,343.19,30.39,233.57,79.23,0.0,12.0,2025-09-05,True,True,343.19,14.0,True,-46.04,0.88
山西省,2025-09,2025-08-15,33.0,51.0,0.0,84.0,https://www.celma.org.cn/dfzfxjh/66070.jhtml,204.51,0.0,204.51,0.0,0.0,9.0,2025-09-18,True,True,204.51,24.0,True,120.51,2.43
广东省,2025-09,2025-08-12,66.15,730.5,90.43,887.08,https://www.celma.org.cn/dfzfxjh/66004.jhtml,1301.47,66.15,1156.42,78.9,0.0,18.0,2025-09-08,True,True,1301.47,19.0,True,414.39,1.47
广西壮族自治区,2025-09,2025-08-08,41.65,244.0,164.58,450.23,https://www.celma.org.cn/dfzfxjh/65945.jhtml,362.44,0.0,197.86,164.58,0.0,4.0,2025-09-12,True,True,362.44,25.0,True,-87.79,0.81
新疆生产建设兵团,2025-09,2025-09-12,0.0,49.0,0.0,49.0,https://www.celma.org.cn/dfzfxjh/66368.jhtml,49.0,0.0,49.0,0.0,0.0,4.0,2025-09-17,True,True,49.0,3.0,False,0.0,1.0
新疆维吾尔自治区,2025-09,2025-08-05,76.31,400.0,21.71,498.02,https://www.celma.org.cn/dfzfxjh/65896.jhtml,91.31,11.39,58.21,21.71,0.0,11.0,2025-09-16,True,True,91.31,30.0,True,-406.71,0.18
江苏省,2025-09,2025-08-19,0.0,327.47,0.0,327.47,https://www.celma.org.cn/dfzfxjh/66129.jhtml,227.47,0.0,0.0,227.47,0.0,2.0,2025-09-12,True,True,227.47,18.0,True,-100.0,0.69
江西省,2025-09,2025-08-18,0.0,0.0,0.0,0.0,https://www.celma.org.cn/dfzfxjh/66089.jhtml,94.28,0.0,94.28,0.0,0.0,7.0,2025-09-24,True,True,94.28,27.0,True,94.28,
河北省,2025-09,2025-08-20,69.93,473.4,340.88,884.21,https://www.celma.org.cn/dfzfxjh/66139.jhtml,516.76,69.93,80.0,366.83,0.0,5.0,2025-09-04,True,True,516.76,11.0,True,-367.45,0.58
河南省,2025-09,2025-08-28,43.0,345.17,436.1,824.27,https://www.celma.org.cn/dfzfxjh/69231.jhtml,824.29,43.0,345.18,436.11,0.0,17.0,2025-09-02,True,True,824.29,3.0,False,0.02,1.0
浙江省,2025-09,2025-08-19,0.0,111.47,0.0,111.47,https://www.celma.org.cn/dfzfxjh/66113.jhtml,173.34,0.0,108.54,64.8,0.0,4.0,2025-09-22,True,True,173.34,24.0,True,61.87,1.56
海南省,2025-09,2025-08-20,45.0,55.0,45.08,145.08,https://www.celma.org.cn/dfzfxjh/66131.jhtml,50.0,25.0,25.0,0.0,0.0,3.0,2025-09-12,True,True,50.0,17.0,True,-95.08,0.34
深圳市,2025-09,2025-06-19,15.0,100.0,44.0,159.0,https://www.celma.org.cn/dfzfxjh/65284.jhtml,145.63,0.0,101.26,44.37,0.0,11.0,2025-09-15,True,True,145.63,62.0,True,-13.37,0.92
湖北省,2025-09,2025-08-19,0.0,0.0,241.83,241.83,https://www.celma.org.cn/dfzfxjh/66107.jhtml,225.9,0.0,16.37,209.53,0.0,14.0,2025-09-04,True,True,225.9,12.0,True,-15.93,0.93
湖南省,2025-09,2025-08-15,0.0,0.0,0.0,0.0,https://www.celma.org.cn/dfzfxjh/66064.jhtml,610.08,0.0,223.3,386.78,0.0,14.0,2025-09-11,True,True,610.08,19.0,True,610.08,
甘肃省,2025-09,2025-08-19,0.0,70.0,23.0,93.0,https://www.celma.org.cn/dfzfxjh/66105.jhtml,137.08,0.0,37.79,99.29,0.0,7.0,2025-09-23,True,True,137.08,25.0,True,44.08,1.47
福建省,2025-09,2025-08-06,0.0,122.0,122.89,244.89,https://www.celma.org.cn/dfzfxjh/65920.jhtml,122.9,0.0,0.0,122.9,0.0,4.0,2025-09-11,True,True,122.9,26.0,True,-121.99,0.5
西藏自治区,2025-09,2026-06-11,0.0,0.0,0.0,0.0,https://www.celma.org.cn/dfzfxjh/69282.jhtml,,,,,,,,True,False,,,False,,
贵州省,2025-09,2025-08-20,45.92,228.1,489.36,763.38,https://www.celma.org.cn/dfzfxjh/66132.jhtml,710.9,45.92,228.1,436.88,0.0,7.0,2025-09-08,True,True,710.9,13.0,True,-52.48,0.93
辽宁省,2025-09,2025-09-18,0.0,0.0,0.0,0.0,https://www.celma.org.cn/dfzfxjh/66454.jhtml,,,,,,,,True,False,,,False,,
重庆市,2025-09,2026-05-19,24.07,129.79,44.1,197.96,https://www.celma.org.cn/dfzfxjh/68914.jhtml,197.96,24.07,129.79,44.1,0.0,6.0,2025-09-08,True,True,197.96,-169.0,False,-0.0,1.0
陕西省,2025-09,2025-08-13,63.19,200.0,30.02,293.21,https://www.celma.org.cn/dfzfxjh/66006.jhtml,15.38,0.0,0.0,15.38,0.0,1.0,2025-09-11,True,True,15.38,21.0,True,-277.83,0.05
青岛市,2025-09,2026-05-15,0.0,82.0,13.0,95.0,https://www.celma.org.cn/dfzfxjh/68855.jhtml,95.0,0.0,82.0,13.0,0.0,6.0,2025-09-22,True,True,95.0,-157.0,False,0.0,1.0
青海省,2025-09,2025-09-11,80.35,0.0,121.95,202.3,https://www.celma.org.cn/dfzfxjh/66347.jhtml,202.3,80.35,0.0,121.95,0.0,3.0,2025-09-18,True,True,202.3,5.0,False,0.0,1.0
黑龙江省,2025-09,2025-08-15,25.7,214.0,0.0,239.7,https://www.celma.org.cn/dfzfxjh/66066.jhtml,162.0,0.0,162.0,0.0,0.0,1.0,2025-09-04,True,True,162.0,14.0,True,-77.7,0.68
上海市,2025-10,2025-09-19,0.0,0.0,0.0,0.0,https://www.celma.org.cn/dfzfxjh/66475.jhtml,,,,,,,,True,False,,,True,,
云南省,2025-10,2025-10-16,0.0,0.0,225.72,225.72,https://www.celma.org.cn/dfzfxjh/66689.jhtml,225.73,0.0,0.0,225.73,0.0,3.0,2025-10-23,True,True,225.73,5.0,False,0.01,1.0
内蒙古自治区,2025-10,2025-09-16,,,0.0,0.0,https://www.celma.org.cn/dfzfxjh/66422.jhtml,44.41,15.0,29.41,0.0,0.0,5.0,2025-10-30,True,True,44.41,28.0,True,44.41,
北京市,2025-10,2025-09-04,0.0,0.0,42.25,42.25,https://www.celma.org.cn/dfzfxjh/66274.jhtml,42.25,0.0,0.0,42.25,0.0,4.0,2025-10-16,True,True,42.25,26.0,True,0.0,1.0
厦门市,2025-10,2025-09-12,0.0,70.0,0.0,70.0,https://www.celma.org.cn/dfzfxjh/66378.jhtml,,,,,,,,True,False,,,True,,
吉林省,2025-10,2025-09-19,46.21,177.46,0.63,224.3,https://www.celma.org.cn/dfzfxjh/66480.jhtml,68.52,0.0,68.52,0.0,0.0,7.0,2025-10-15,True,True,68.52,14.0,True,-155.78,0.31
四川省,2025-10,2025-09-15,0.0,0.0,88.0,88.0,https://www.celma.org.cn/dfzfxjh/66405.jhtml,87.98,0.0,0.0,87.98,0.0,2.0,2025-10-21,True,True,87.98,22.0,True,-0.02,1.0
大连市,2025-10,2025-11-06,0.0,28.43,0.0,28.43,https://www.celma.org.cn/dfzfxjh/66921.jhtml,28.43,0.0,28.43,0.0,0.0,4.0,2025-10-16,True,True,28.43,-15.0,False,0.0,1.0
天津市,2025-10,2025-10-20,4.11,3.8,85.31,93.22,https://www.celma.org.cn/dfzfxjh/66726.jhtml,93.22,4.11,3.8,85.31,0.0,11.0,2025-10-27,True,True,93.22,5.0,False,0.0,1.0
宁夏回族自治区,2025-10,2025-09-23,3.0,41.5,0.0,44.5,https://www.celma.org.cn/dfzfxjh/66520.jhtml,21.59,3.0,15.0,3.59,0.0,4.0,2025-10-23,True,True,21.59,18.0,False,-22.91,0.49
宁波市,2025-10,2025-09-18,0.0,10.0,0.0,10.0,https://www.celma.org.cn/dfzfxjh/66441.jhtml,,,,,,,,True,False,,,True,,
安徽省,2025-10,2025-09-17,0.0,0.0,102.54,102.54,https://www.celma.org.cn/dfzfxjh/66424.jhtml,102.54,0.0,0.0,102.54,0.0,2.0,2025-10-10,True,True,102.54,12.0,True,-0.0,1.0
山东省,2025-10,2025-09-19,0.0,381.68,0.0,381.68,https://www.celma.org.cn/dfzfxjh/66492.jhtml,356.42,0.0,356.42,0.0,0.0,19.0,2025-10-20,True,True,356.42,17.0,True,-25.26,0.93
山西省,2025-10,2025-09-19,10.13,23.87,0.0,34.0,https://www.celma.org.cn/dfzfxjh/66491.jhtml,23.72,10.13,13.59,0.0,0.0,4.0,2025-10-31,True,True,23.72,26.0,True,-10.28,0.7
广东省,2025-10,2026-01-23,0.0,357.17,319.25,676.42,https://www.celma.org.cn/dfzfxjh/67705.jhtml,601.42,0.0,282.17,319.25,0.0,10.0,2025-10-29,True,True,601.42,-61.0,False,-75.0,0.89
广西壮族自治区,2025-10,2025-09-05,84.23,15.27,0.0,99.5,https://www.celma.org.cn/dfzfxjh/66296.jhtml,74.56,71.96,2.6,0.0,0.0,3.0,2025-10-27,True,True,74.56,32.0,True,-24.94,0.75
新疆维吾尔自治区,2025-10,2025-09-25,21.86,450.0,0.0,471.86,https://www.celma.org.cn/dfzfxjh/66577.jhtml,,,,,,,,True,False,,,False,,
江苏省,2025-10,2025-09-19,0.0,0.0,0.0,0.0,https://www.celma.org.cn/dfzfxjh/66471.jhtml,,,,,,,,True,False,,,True,,
江西省,2025-10,2025-09-17,0.0,0.0,0.0,0.0,https://www.celma.org.cn/dfzfxjh/66427.jhtml,632.0,0.0,495.19,136.81,0.0,12.0,2025-10-30,True,True,632.0,27.0,True,632.0,
河北省,2025-10,2025-09-18,0.0,484.13,50.31,534.44,https://www.celma.org.cn/dfzfxjh/66457.jhtml,475.26,0.0,283.95,191.31,0.0,7.0,2025-10-24,True,True,475.26,22.0,True,-59.18,0.89
河南省,2025-10,2025-09-30,58.83,248.09,549.39,856.31,https://www.celma.org.cn/dfzfxjh/69232.jhtml,856.32,58.83,248.1,549.39,0.0,23.0,2025-10-20,True,True,856.32,9.0,False,0.01,1.0
浙江省,2025-10,2025-09-19,126.0,175.96,133.07,435.03,https://www.celma.org.cn/dfzfxjh/66484.jhtml,335.2,0.0,202.13,133.07,0.0,7.0,2025-10-28,True,True,335.2,23.0,True,-99.83,0.77
海南省,2025-10,2025-09-19,20.0,51.0,69.0,140.0,https://www.celma.org.cn/dfzfxjh/66476.jhtml,146.58,9.91,47.67,89.0,0.0,13.0,2025-10-23,True,True,146.58,20.0,True,6.58,1.05
深圳市,2025-10,2025-09-18,0.0,176.0,0.0,176.0,https://www.celma.org.cn/dfzfxjh/66437.jhtml,104.29,0.0,86.72,17.57,0.0,8.0,2025-10-16,True,True,104.29,16.0,True,-71.71,0.59
湖北省,2025-10,2025-09-18,0.0,638.48,62.29,700.77,https://www.celma.org.cn/dfzfxjh/66436.jhtml,109.55,0.0,47.26,62.29,0.0,3.0,2025-10-17,True,True,109.55,17.0,True,-591.22,0.16
湖南省,2025-10,2025-09-15,0.0,0.0,0.0,0.0,https://www.celma.org.cn/dfzfxjh/66390.jhtml,,,,,,,,True,False,,,True,,
甘肃省,2025-10,2025-09-15,0.0,39.6,0.0,39.6,https://www.celma.org.cn/dfzfxjh/66394.jhtml,,,,,,,,True,False,,,True,,
福建省,2025-10,2025-09-10,0.0,122.0,0.0,122.0,https://www.celma.org.cn/dfzfxjh/66334.jhtml,,,,,,,,True,False,,,True,,
西藏自治区,2025-10,2026-01-23,10.0,19.0,0.0,29.0,https://www.celma.org.cn/dfzfxjh/67693.jhtml,29.0,10.0,19.0,0.0,0.0,5.0,2025-10-31,True,True,29.0,-59.0,False,0.0,1.0
贵州省,2025-10,2025-09-17,0.0,0.0,363.83,363.83,https://www.celma.org.cn/dfzfxjh/66430.jhtml,363.83,0.0,0.0,363.83,0.0,3.0,2025-10-21,True,True,363.83,20.0,True,0.0,1.0
辽宁省,2025-10,2025-11-14,0.0,0.0,55.46,55.46,https://www.celma.org.cn/dfzfxjh/67007.jhtml,55.46,0.0,0.0,55.46,0.0,3.0,2025-10-28,True,True,55.46,-13.0,False,0.0,1.0
重庆市,2025-10,2025-09-19,0.0,300.0,50.0,350.0,https://www.celma.org.cn/dfzfxjh/66481.jhtml,275.56,0.0,226.01,49.55,0.0,6.0,2025-10-31,True,True,275.56,26.0,True,-74.44,0.79
陕西省,2025-10,2025-09-15,0.0,0.0,44.19,44.19,https://www.celma.org.cn/dfzfxjh/66397.jhtml,343.88,0.0,329.6,14.28,0.0,8.0,2025-10-23,True,True,343.88,24.0,True,299.69,7.78
青岛市,2025-10,2026-05-15,0.0,47.25,18.95,66.2,https://www.celma.org.cn/dfzfxjh/68856.jhtml,66.2,0.0,47.25,18.95,0.0,7.0,2025-10-21,True,True,66.2,-140.0,False,0.0,1.0
青海省,2025-10,2025-09-11,0.0,0.0,0.0,0.0,https://www.celma.org.cn/dfzfxjh/66348.jhtml,,,,,,,,True,False,,,True,,
黑龙江省,2025-10,2025-09-15,19.74,40.76,0.0,60.5,https://www.celma.org.cn/dfzfxjh/66393.jhtml,40.76,0.0,40.76,0.0,0.0,7.0,2025-10-23,True,True,40.76,24.0,True,-19.74,0.67
上海市,2025-11,2025-10-20,0.0,199.15,,199.15,https://www.celma.org.cn/dfzfxjh/66786.jhtml,354.15,0.0,199.15,155.0,0.0,11.0,2025-11-28,True,True,354.15,29.0,True,155.0,1.78
云南省,2025-11,2026-05-21,0.0,42.18,207.52,249.7,https://www.celma.org.cn/dfzfxjh/69010.jhtml,249.7,0.0,42.18,207.52,0.0,6.0,2025-11-05,True,True,249.7,-133.0,False,0.0,1.0
内蒙古自治区,2025-11,2025-10-20,0.0,0.0,0.0,0.0,https://www.celma.org.cn/dfzfxjh/66745.jhtml,143.53,0.0,50.0,93.53,0.0,5.0,2025-11-04,True,True,143.53,11.0,True,143.53,
北京市,2025-11,2025-10-13,0.0,0.0,275.2,275.2,https://www.celma.org.cn/dfzfxjh/66648.jhtml,275.2,0.0,0.0,275.2,0.0,5.0,2025-11-11,True,True,275.2,21.0,True,0.0,1.0
厦门市,2025-11,2025-10-11,0.0,74.78,19.0,93.78,https://www.celma.org.cn/dfzfxjh/66635.jhtml,93.78,0.0,74.78,19.0,0.0,7.0,2025-11-13,True,True,93.78,24.0,True,0.0,1.0
吉林省,2025-11,2025-10-19,55.0,149.02,128.57,332.59,https://www.celma.org.cn/dfzfxjh/66718.jhtml,317.52,40.93,148.02,128.57,0.0,15.0,2025-11-11,True,True,317.52,17.0,True,-15.07,0.95
四川省,2025-11,2025-10-14,0.0,0.0,0.0,0.0,https://www.celma.org.cn/dfzfxjh/66672.jhtml,305.98,0.0,173.98,132.0,0.0,8.0,2025-11-28,True,True,305.98,33.0,True,305.98,
大连市,2025-11,2025-11-25,0.0,14.76,19.0,33.76,https://www.celma.org.cn/dfzfxjh/67117.jhtml,33.76,0.0,14.76,19.0,0.0,3.0,2025-11-21,True,True,33.76,-2.0,False,0.0,1.0
天津市,2025-11,2025-11-13,0.0,0.0,0.0,0.0,https://www.celma.org.cn/dfzfxjh/66982.jhtml,,,,,,,,True,False,,,False,,
宁夏回族自治区,2025-11,2025-10-15,0.0,50.0,0.0,50.0,https://www.celma.org.cn/dfzfxjh/66681.jhtml,29.0,0.0,16.0,13.0,0.0,3.0,2025-11-26,True,True,29.0,30.0,True,-21.0,0.58
宁波市,2025-11,2025-10-20,0.0,60.0,72.77,132.77,https://www.celma.org.cn/dfzfxjh/66717.jhtml,89.77,0.0,50.0,39.77,0.0,7.0,2025-11-07,True,True,89.77,14.0,True,-43.0,0.68
安徽省,2025-11,2025-10-20,0.0,0.0,82.0,82.0,https://www.celma.org.cn/dfzfxjh/66715.jhtml,82.0,0.0,0.0,82.0,0.0,2.0,2025-11-10,True,True,82.0,15.0,True,0.0,1.0
山东省,2025-11,2025-10-20,70.0,200.0,8.4,278.4,https://www.celma.org.cn/dfzfxjh/66746.jhtml,220.01,0.0,140.96,77.08,0.0,14.0,2025-11-18,True,True,218.04,21.0,True,-60.36,0.78
山西省,2025-11,2025-10-17,0.0,0.0,213.76,213.76,https://www.celma.org.cn/dfzfxjh/66712.jhtml,184.83,0.0,0.0,184.83,0.0,4.0,2025-11-20,True,True,184.83,24.0,True,-28.93,0.86
广东省,2025-11,2026-01-23,0.0,100.0,117.66,217.66,https://www.celma.org.cn/dfzfxjh/67706.jhtml,217.66,0.0,100.0,117.66,0.0,5.0,2025-11-28,True,True,217.66,-39.0,False,0.0,1.0
广西壮族自治区,2025-11,2025-10-11,0.0,76.81,0.0,76.81,https://www.celma.org.cn/dfzfxjh/66633.jhtml,152.14,11.33,76.81,64.0,0.0,6.0,2025-11-28,True,True,152.14,35.0,True,75.33,1.98
新疆维吾尔自治区,2025-11,2025-10-24,0.0,307.39,0.0,307.39,https://www.celma.org.cn/dfzfxjh/66811.jhtml,479.84,0.0,412.84,67.0,0.0,11.0,2025-11-17,True,True,479.84,16.0,False,172.45,1.56
江苏省,2025-11,2025-10-20,0.0,400.0,235.0,635.0,https://www.celma.org.cn/dfzfxjh/66719.jhtml,635.0,0.0,400.0,235.0,0.0,7.0,2025-11-14,True,True,635.0,19.0,True,0.0,1.0
江西省,2025-11,2025-10-24,0.0,0.0,0.0,0.0,https://www.celma.org.cn/dfzfxjh/66808.jhtml,274.7,0.0,274.7,0.0,0.0,10.0,2025-11-13,True,True,274.7,14.0,False,274.7,
河北省,2025-11,2025-10-20,0.0,318.93,58.48,377.41,https://www.celma.org.cn/dfzfxjh/66724.jhtml,320.02,0.0,320.02,0.0,0.0,13.0,2025-11-27,True,True,320.02,28.0,True,-57.39,0.85
河南省,2025-11,2025-10-30,47.79,623.72,140.58,812.09,https://www.celma.org.cn/dfzfxjh/69233.jhtml,812.11,47.79,623.74,140.58,0.0,29.0,2025-11-12,True,True,812.11,9.0,False,0.02,1.0
浙江省,2025-11,2025-10-20,38.8,173.83,150.0,362.63,https://www.celma.org.cn/dfzfxjh/66722.jhtml,362.63,38.8,173.83,150.0,0.0,8.0,2025-11-12,True,True,362.63,17.0,True,0.0,1.0
海南省,2025-11,2025-10-20,10.53,43.73,22.5,76.76,https://www.celma.org.cn/dfzfxjh/66723.jhtml,,,,,,,,True,False,,,True,,
深圳市,2025-11,2025-09-18,0.0,0.0,18.0,18.0,https://www.celma.org.cn/dfzfxjh/66438.jhtml,186.03,0.0,132.03,54.0,0.0,9.0,2025-11-24,True,True,186.03,43.0,True,168.03,10.34
湖北省,2025-11,2025-10-16,201.0,788.0,86.0,1075.0,https://www.celma.org.cn/dfzfxjh/66687.jhtml,1030.27,200.65,741.22,88.4,0.0,26.0,2025-11-06,True,True,1030.27,15.0,True,-44.73,0.96
湖南省,2025-11,2025-10-14,0.0,0.0,210.0,210.0,https://www.celma.org.cn/dfzfxjh/66669.jhtml,276.28,45.44,20.69,210.15,0.0,9.0,2025-11-13,True,True,276.28,22.0,True,66.28,1.32
甘肃省,2025-11,2025-10-20,0.0,39.6,40.0,79.6,https://www.celma.org.cn/dfzfxjh/66744.jhtml,40.0,0.0,0.0,40.0,0.0,2.0,2025-11-28,True,True,40.0,29.0,True,-39.6,0.5
福建省,2025-11,2025-10-10,0.0,0.0,211.61,211.61,https://www.celma.org.cn/dfzfxjh/66623.jhtml,390.62,0.0,122.01,268.61,0.0,11.0,2025-11-04,True,True,390.62,18.0,True,179.01,1.85
西藏自治区,2025-11,2026-06-11,0.0,0.0,0.0,0.0,https://www.celma.org.cn/dfzfxjh/69283.jhtml,,,,,,,,True,False,,,False,,
贵州省,2025-11,2025-10-20,0.0,0.0,227.05,227.05,https://www.celma.org.cn/dfzfxjh/66716.jhtml,261.63,2.91,0.0,258.72,0.0,4.0,2025-11-18,True,True,261.63,21.0,True,34.58,1.15
辽宁省,2025-11,2025-12-15,2.68,55.91,297.43,356.02,https://www.celma.org.cn/dfzfxjh/67391.jhtml,356.0,2.68,55.9,297.42,0.0,6.0,2025-11-13,True,True,356.0,-22.0,False,-0.02,1.0
重庆市,2025-11,2026-05-19,0.0,386.39,59.0,445.39,https://www.celma.org.cn/dfzfxjh/68915.jhtml,445.39,0.0,386.39,59.0,0.0,12.0,2025-11-10,True,True,445.39,-128.0,False,0.0,1.0
陕西省,2025-11,2025-10-11,0.0,0.0,0.0,0.0,https://www.celma.org.cn/dfzfxjh/66636.jhtml,232.75,0.0,51.55,181.2,0.0,9.0,2025-11-04,True,True,232.75,17.0,True,232.75,
青岛市,2025-11,2026-05-15,0.0,120.38,27.0,147.38,https://www.celma.org.cn/dfzfxjh/68857.jhtml,147.38,0.0,120.38,27.0,0.0,12.0,2025-11-10,True,True,147.38,-126.0,False,0.0,1.0
青海省,2025-11,2025-09-30,56.8,0.0,42.0,98.8,https://www.celma.org.cn/dfzfxjh/66600.jhtml,,,,,,,,True,False,,,True,,
黑龙江省,2025-11,2025-10-17,25.7,23.24,56.53,105.47,https://www.celma.org.cn/dfzfxjh/66701.jhtml,127.23,25.7,0.0,101.53,0.0,5.0,2025-11-06,True,True,127.23,14.0,True,21.76,1.21
上海市,2025-12,2025-11-20,0.0,0.0,0.0,0.0,https://www.celma.org.cn/dfzfxjh/67071.jhtml,,,,,,,,True,False,,,True,,
云南省,2025-12,2025-11-27,0.0,57.44,99.0,156.44,https://www.celma.org.cn/dfzfxjh/67154.jhtml,166.85,0.0,67.85,99.0,0.0,6.0,2025-12-04,True,True,166.85,5.0,False,10.41,1.07
内蒙古自治区,2025-12,2025-11-24,,,,,https://www.celma.org.cn/dfzfxjh/67108.jhtml,104.89,0.0,0.89,104.0,0.0,3.0,2025-12-01,True,True,104.89,5.0,False,,
北京市,2025-12,2025-11-05,0.0,0.0,0.0,0.0,https://www.celma.org.cn/dfzfxjh/66913.jhtml,260.0,0.0,145.0,115.0,0.0,9.0,2025-12-29,True,True,260.0,38.0,True,260.0,
吉林省,2025-12,2025-11-19,55.27,1.0,43.0,99.27,https://www.celma.org.cn/dfzfxjh/67059.jhtml,99.27,55.27,1.0,43.0,0.0,4.0,2025-12-10,True,True,99.27,15.0,True,0.0,1.0
四川省,2025-12,2025-11-17,0.0,0.0,0.0,0.0,https://www.celma.org.cn/dfzfxjh/67025.jhtml,28.3,0.0,28.3,0.0,0.0,1.0,2025-12-12,True,True,28.3,19.0,True,28.3,
大连市,2025-12,2025-12-09,0.0,78.99,0.0,78.99,https://www.celma.org.cn/dfzfxjh/67289.jhtml,79.0,0.0,79.0,0.0,0.0,5.0,2025-12-09,True,True,79.0,0.0,False,0.01,1.0
天津市,2025-12,2025-11-26,91.92,146.6,50.0,288.52,https://www.celma.org.cn/dfzfxjh/67140.jhtml,288.52,91.92,146.6,50.0,0.0,22.0,2025-12-03,True,True,288.52,5.0,False,0.0,1.0
宁夏回族自治区,2025-12,2025-11-24,0.0,61.49,0.0,61.49,https://www.celma.org.cn/dfzfxjh/67109.jhtml,61.49,0.0,61.49,0.0,0.0,6.0,2025-12-11,True,True,61.49,13.0,False,-0.0,1.0
宁波市,2025-12,2025-11-18,0.0,10.0,33.0,43.0,https://www.celma.org.cn/dfzfxjh/67037.jhtml,43.0,0.0,10.0,33.0,0.0,3.0,2025-12-02,True,True,43.0,10.0,True,0.0,1.0
山东省,2025-12,2025-11-19,22.0,84.31,75.3,181.61,https://www.celma.org.cn/dfzfxjh/67062.jhtml,181.61,22.0,84.31,75.3,0.0,8.0,2025-12-05,True,True,181.61,12.0,True,0.0,1.0
山西省,2025-12,2025-11-18,,,169.76,169.76,https://www.celma.org.cn/dfzfxjh/67033.jhtml,180.03,0.0,10.27,169.76,0.0,6.0,2025-12-02,True,True,180.03,10.0,True,10.27,1.06
广东省,2025-12,2026-01-23,0.0,0.0,0.0,0.0,https://www.celma.org.cn/dfzfxjh/67707.jhtml,,,,,,,,True,False,,,False,,
广西壮族自治区,2025-12,2025-11-20,12.93,0.0,31.42,44.35,https://www.celma.org.cn/dfzfxjh/67083.jhtml,44.35,12.93,0.0,31.42,0.0,2.0,2025-12-15,True,True,44.35,17.0,True,0.0,1.0
新疆生产建设兵团,2025-12,2025-12-01,0.0,16.0,0.0,16.0,https://www.celma.org.cn/dfzfxjh/67193.jhtml,16.0,0.0,16.0,0.0,0.0,2.0,2025-12-08,True,True,16.0,5.0,False,0.0,1.0
新疆维吾尔自治区,2025-12,2025-11-19,0.0,0.0,0.0,0.0,https://www.celma.org.cn/dfzfxjh/67199.jhtml,247.59,21.86,225.73,0.0,0.0,14.0,2025-12-18,True,True,247.59,21.0,True,247.59,
江苏省,2025-12,2025-11-19,0.0,0.0,0.0,0.0,https://www.celma.org.cn/dfzfxjh/67056.jhtml,,,,,,,,True,False,,,True,,
江西省,2025-12,2025-11-17,0.0,0.0,0.0,0.0,https://www.celma.org.cn/dfzfxjh/67028.jhtml,74.02,0.0,0.0,74.02,0.0,4.0,2025-12-12,True,True,74.02,19.0,True,74.02,
河北省,2025-12,2025-11-20,0.0,0.0,40.58,40.58,https://www.celma.org.cn/dfzfxjh/67076.jhtml,40.58,0.0,0.0,40.58,0.0,2.0,2025-12-04,True,True,40.58,10.0,True,0.0,1.0
河南省,2025-12,2025-11-28,24.83,160.0,41.33,226.16,https://www.celma.org.cn/dfzfxjh/69234.jhtml,226.15,24.83,159.98,41.34,0.0,15.0,2025-12-05,True,True,226.15,5.0,False,-0.01,1.0
浙江省,2025-12,2025-11-20,87.2,0.0,129.33,216.53,https://www.celma.org.cn/dfzfxjh/67075.jhtml,216.53,87.2,0.0,129.33,0.0,4.0,2025-12-11,True,True,216.53,15.0,True,-0.0,1.0
海南省,2025-12,2025-11-19,10.53,43.73,22.5,76.76,https://www.celma.org.cn/dfzfxjh/67058.jhtml,76.96,10.76,43.74,22.46,0.0,11.0,2025-12-09,True,True,76.96,14.0,True,0.2,1.0
深圳市,2025-12,2025-09-18,0.0,0.0,0.0,0.0,https://www.celma.org.cn/dfzfxjh/66439.jhtml,126.87,0.0,108.87,18.0,0.0,16.0,2025-12-11,True,True,126.87,56.0,True,126.87,
湖北省,2025-12,2025-11-19,0.0,0.0,0.0,0.0,https://www.celma.org.cn/dfzfxjh/67110.jhtml,,,,,,,,True,False,,,True,,
湖南省,2025-12,2025-11-11,0.0,0.0,0.0,0.0,https://www.celma.org.cn/dfzfxjh/66953.jhtml,4.48,0.0,4.48,0.0,0.0,2.0,2025-12-24,True,True,4.48,31.0,True,4.48,
甘肃省,2025-12,2025-11-20,0.0,39.6,0.0,39.6,https://www.celma.org.cn/dfzfxjh/67073.jhtml,39.62,0.0,39.62,0.0,0.0,6.0,2025-12-04,True,True,39.62,10.0,True,0.02,1.0
西藏自治区,2025-12,2026-06-11,0.0,0.0,16.74,16.74,https://www.celma.org.cn/dfzfxjh/69284.jhtml,16.74,0.0,0.0,16.74,0.0,2.0,2025-12-18,True,True,16.74,-117.0,False,0.0,1.0
贵州省,2025-12,2025-11-20,0.0,0.0,0.0,0.0,https://www.celma.org.cn/dfzfxjh/67070.jhtml,,,,,,,,True,False,,,True,,
辽宁省,2025-12,2026-01-16,0.0,32.23,0.0,32.23,https://www.celma.org.cn/dfzfxjh/67633.jhtml,32.23,0.0,32.23,0.0,0.0,4.0,2025-12-09,True,True,32.23,-27.0,False,0.0,1.0
重庆市,2025-12,2026-05-19,0.0,0.0,0.0,0.0,https://www.celma.org.cn/dfzfxjh/68916.jhtml,,,,,,,,True,False,,,False,,
陕西省,2025-12,2025-11-13,0.0,0.0,0.0,0.0,https://www.celma.org.cn/dfzfxjh/66981.jhtml,60.37,0.0,60.37,0.0,0.0,6.0,2025-12-12,True,True,60.37,21.0,True,60.37,
青岛市,2025-12,2026-05-15,0.0,0.0,0.0,0.0,https://www.celma.org.cn/dfzfxjh/68858.jhtml,,,,,,,,True,False,,,False,,
青海省,2025-12,2025-12-02,56.8,0.0,42.0,98.8,https://www.celma.org.cn/dfzfxjh/67200.jhtml,98.8,56.8,0.0,42.0,0.0,4.0,2025-12-09,True,True,98.8,5.0,False,0.0,1.0
黑龙江省,2025-12,2025-11-17,0.0,23.24,0.0,23.24,https://www.celma.org.cn/dfzfxjh/67029.jhtml,23.24,0.0,23.24,0.0,0.0,2.0,2025-12-16,True,True,23.24,21.0,True,0.0,1.0
上海市,2026-01,2025-12-19,0.0,0.0,0.0,0.0,https://www.celma.org.cn/dfzfxjh/67445.jhtml,,,,,,,,True,False,,,True,,
内蒙古自治区,2026-01,2025-12-16,0.0,0.0,,0.0,https://www.celma.org.cn/dfzfxjh/67407.jhtml,,,,,,,,True,False,,,True,,
北京市,2026-01,2025-12-19,0.0,0.0,0.0,0.0,https://www.celma.org.cn/dfzfxjh/67446.jhtml,131.18,0.0,0.0,131.18,0.0,6.0,2026-01-26,True,True,131.18,25.0,True,131.18,
厦门市,2026-01,2025-12-03,12.0,120.0,60.0,192.0,https://www.celma.org.cn/dfzfxjh/67217.jhtml,260.8,12.0,190.0,58.8,0.0,11.0,2026-01-29,True,True,260.8,40.0,True,68.8,1.36
吉林省,2026-01,2025-12-18,0.0,0.0,0.0,0.0,https://www.celma.org.cn/dfzfxjh/69073.jhtml,,,,,,,,True,False,,,True,,
四川省,2026-01,2025-12-16,200.0,400.0,550.0,1150.0,https://www.celma.org.cn/dfzfxjh/67409.jhtml,1328.28,205.73,644.21,478.34,0.0,14.0,2026-01-22,True,True,1328.28,26.0,True,178.28,1.16
天津市,2026-01,2026-01-14,0.0,0.0,0.0,0.0,https://www.celma.org.cn/dfzfxjh/67617.jhtml,,,,,,,,True,False,,,False,,
宁夏回族自治区,2026-01,2026-01-14,0.0,0.0,0.0,0.0,https://www.celma.org.cn/dfzfxjh/67615.jhtml,,,,,,,,True,False,,,False,,
宁波市,2026-01,2025-12-19,10.0,326.0,110.0,446.0,https://www.celma.org.cn/dfzfxjh/67443.jhtml,450.74,10.0,326.0,114.74,0.0,12.0,2026-01-08,True,True,450.74,13.0,True,4.74,1.01
安徽省,2026-01,2025-12-18,0.0,200.0,381.15,581.15,https://www.celma.org.cn/dfzfxjh/67422.jhtml,574.48,0.0,193.34,381.14,0.0,14.0,2026-01-27,True,True,574.48,27.0,True,-6.67,0.99
山东省,2026-01,2025-12-26,0.0,467.72,256.09,723.81,https://www.celma.org.cn/dfzfxjh/67488.jhtml,1286.05,0.0,913.57,372.48,0.0,17.0,2026-01-05,True,True,1286.05,5.0,False,562.24,1.78
山西省,2026-01,2025-12-19,24.0,115.5,183.0,322.5,https://www.celma.org.cn/dfzfxjh/67452.jhtml,,,,,,,,True,False,,,True,,
广东省,2026-01,2026-02-12,0.0,972.5,82.46,1054.96,https://www.celma.org.cn/dfzfxjh/67998.jhtml,1054.96,0.0,972.5,82.46,0.0,8.0,2026-01-29,True,True,1054.96,-10.0,False,0.0,1.0
广西壮族自治区,2026-01,2025-12-14,0.0,0.0,0.0,0.0,https://www.celma.org.cn/dfzfxjh/67353.jhtml,52.09,0.0,0.0,52.09,0.0,1.0,2026-01-26,True,True,52.09,30.0,True,52.09,
新疆维吾尔自治区,2026-01,2026-01-13,0.0,0.0,216.0,216.0,https://www.celma.org.cn/dfzfxjh/67583.jhtml,216.0,0.0,0.0,216.0,0.0,2.0,2026-01-28,True,True,216.0,11.0,False,0.0,1.0
江苏省,2026-01,2025-12-19,100.0,100.0,0.0,200.0,https://www.celma.org.cn/dfzfxjh/67450.jhtml,567.99,190.0,23.0,354.99,0.0,6.0,2026-01-27,True,True,567.99,26.0,True,367.99,2.84
江西省,2026-01,2025-12-15,0.0,0.0,0.0,0.0,https://www.celma.org.cn/dfzfxjh/67398.jhtml,,,,,,,,True,False,,,True,,
河北省,2026-01,2025-12-19,0.0,0.0,85.0,85.0,https://www.celma.org.cn/dfzfxjh/67444.jhtml,87.99,0.0,0.0,87.99,0.0,2.0,2026-01-29,True,True,87.99,28.0,True,2.99,1.04
河南省,2026-01,2025-12-31,0.0,0.0,0.0,0.0,https://www.celma.org.cn/dfzfxjh/69235.jhtml,,,,,,,,True,False,,,False,,
浙江省,2026-01,2025-12-20,0.0,200.0,481.85,681.85,https://www.celma.org.cn/dfzfxjh/67457.jhtml,981.62,165.0,106.0,710.62,0.0,10.0,2026-01-19,True,True,981.62,20.0,True,299.77,1.44
海南省,2026-01,2025-12-19,30.0,0.0,100.0,130.0,https://www.celma.org.cn/dfzfxjh/67456.jhtml,,,,,,,,True,False,,,True,,
深圳市,2026-01,2025-12-19,0.0,50.0,0.0,50.0,https://www.celma.org.cn/dfzfxjh/67447.jhtml,,,,,,,,True,False,,,True,,
湖北省,2026-01,2025-12-19,0.0,150.0,154.0,304.0,https://www.celma.org.cn/dfzfxjh/67470.jhtml,249.3,0.0,145.28,104.02,0.0,9.0,2026-01-12,True,True,249.3,15.0,True,-54.7,0.82
湖南省,2026-01,2025-12-15,0.0,0.0,0.0,0.0,https://www.celma.org.cn/dfzfxjh/67377.jhtml,46.41,0.0,0.0,46.41,0.0,1.0,2026-01-15,True,True,46.41,22.0,True,46.41,
甘肃省,2026-01,2025-12-19,0.0,0.0,0.0,0.0,https://www.celma.org.cn/dfzfxjh/67441.jhtml,86.35,0.0,0.0,86.35,0.0,2.0,2026-01-20,True,True,86.35,21.0,True,86.35,
福建省,2026-01,2025-12-18,0.0,0.0,30.64,30.64,https://www.celma.org.cn/dfzfxjh/67423.jhtml,30.64,0.0,0.0,30.64,0.0,1.0,2026-01-20,True,True,30.64,22.0,True,-0.0,1.0
贵州省,2026-01,2025-12-22,0.0,0.0,159.82,159.82,https://www.celma.org.cn/dfzfxjh/67460.jhtml,159.82,0.0,0.0,159.82,0.0,2.0,2026-01-22,True,True,159.82,22.0,False,0.0,1.0
辽宁省,2026-01,2026-01-28,0.0,0.0,255.69,255.69,https://www.celma.org.cn/dfzfxjh/67821.jhtml,255.69,0.0,0.0,255.69,0.0,2.0,2026-01-15,True,True,255.69,-9.0,False,0.0,1.0
重庆市,2026-01,2026-01-26,0.0,0.0,248.39,248.39,https://www.celma.org.cn/dfzfxjh/67772.jhtml,248.39,0.0,0.0,248.39,0.0,2.0,2026-01-26,True,True,248.39,0.0,False,0.0,1.0
陕西省,2026-01,2025-12-15,190.0,50.0,0.0,240.0,https://www.celma.org.cn/dfzfxjh/67380.jhtml,333.63,25.03,0.0,308.6,0.0,3.0,2026-01-29,True,True,333.63,32.0,True,93.63,1.39
青岛市,2026-01,2026-05-15,0.0,162.9,68.21,231.11,https://www.celma.org.cn/dfzfxjh/68859.jhtml,231.11,0.0,162.9,68.21,0.0,10.0,2026-01-06,True,True,231.11,-86.0,False,0.0,1.0
黑龙江省,2026-01,2025-12-16,0.0,0.0,0.0,0.0,https://www.celma.org.cn/dfzfxjh/67402.jhtml,,,,,,,,True,False,,,True,,
上海市,2026-02,2026-01-20,125.0,0.0,0.0,125.0,https://www.celma.org.cn/dfzfxjh/67652.jhtml,125.0,125.0,0.0,0.0,0.0,4.0,2026-02-26,True,True,125.0,22.0,True,0.0,1.0
云南省,2026-02,2026-02-03,0.0,0.0,112.76,112.76,https://www.celma.org.cn/dfzfxjh/67898.jhtml,112.76,0.0,0.0,112.76,0.0,2.0,2026-02-10,True,True,112.76,5.0,False,0.0,1.0
内蒙古自治区,2026-02,2026-01-20,0.0,0.0,,0.0,https://www.celma.org.cn/dfzfxjh/67666.jhtml,,,,,,,,True,False,,,True,,
北京市,2026-02,2026-01-20,109.0,344.18,0.0,453.18,https://www.celma.org.cn/dfzfxjh/67656.jhtml,453.18,109.0,344.18,0.0,0.0,8.0,2026-02-09,True,True,453.18,14.0,True,0.0,1.0
四川省,2026-02,2026-01-19,0.0,0.0,0.0,0.0,https://www.celma.org.cn/dfzfxjh/67639.jhtml,,,,,,,,True,False,,,True,,
大连市,2026-02,2026-03-04,11.0,15.26,92.42,118.68,https://www.celma.org.cn/dfzfxjh/68116.jhtml,118.68,11.0,15.26,92.42,0.0,4.0,2026-02-03,True,True,118.68,-17.0,False,0.0,1.0
天津市,2026-02,2026-01-30,0.0,90.15,88.61,178.76,https://www.celma.org.cn/dfzfxjh/67850.jhtml,178.76,0.0,90.15,88.61,0.0,10.0,2026-02-06,True,True,178.76,5.0,False,0.0,1.0
宁夏回族自治区,2026-02,2026-01-14,0.0,0.0,0.0,0.0,https://www.celma.org.cn/dfzfxjh/67616.jhtml,155.75,0.0,17.75,138.0,0.0,4.0,2026-02-26,True,True,155.75,26.0,True,155.75,
宁波市,2026-02,2026-01-14,0.0,0.0,49.7,49.7,https://www.celma.org.cn/dfzfxjh/67618.jhtml,49.7,0.0,0.0,49.7,0.0,1.0,2026-02-03,True,True,49.7,14.0,True,0.0,1.0
山东省,2026-02,2026-01-19,0.0,300.0,200.0,500.0,https://www.celma.org.cn/dfzfxjh/67643.jhtml,,,,,,,,True,False,,,True,,
山西省,2026-02,2026-01-08,24.0,56.0,41.09,121.09,https://www.celma.org.cn/dfzfxjh/67543.jhtml,492.2,58.7,59.5,374.0,0.0,6.0,2026-02-09,True,True,492.2,22.0,True,371.11,4.06
广东省,2026-02,2026-02-12,132.6,400.91,280.83,814.34,https://www.celma.org.cn/dfzfxjh/67999.jhtml,814.34,132.6,400.91,280.83,0.0,8.0,2026-02-06,True,True,814.34,-4.0,False,0.0,1.0
广西壮族自治区,2026-02,2026-01-20,37.74,33.54,508.07,579.35,https://www.celma.org.cn/dfzfxjh/67662.jhtml,579.35,37.74,33.54,508.07,0.0,6.0,2026-02-06,True,True,579.35,13.0,True,0.0,1.0
新疆维吾尔自治区,2026-02,2026-01-28,0.0,35.0,0.0,35.0,https://www.celma.org.cn/dfzfxjh/67819.jhtml,35.0,0.0,35.0,0.0,0.0,1.0,2026-02-26,True,True,35.0,16.0,False,0.0,1.0
江苏省,2026-02,2026-01-20,0.0,237.0,1.0,238.0,https://www.celma.org.cn/dfzfxjh/67664.jhtml,1718.81,0.0,918.81,800.0,0.0,8.0,2026-02-05,True,True,1718.81,12.0,True,1480.81,7.22
江西省,2026-02,2026-01-21,0.0,0.0,,0.0,https://www.celma.org.cn/dfzfxjh/67671.jhtml,851.41,175.65,154.1,521.66,0.0,10.0,2026-02-05,True,True,851.41,11.0,False,851.41,
河北省,2026-02,2026-01-20,194.0,630.0,377.9,1201.9,https://www.celma.org.cn/dfzfxjh/67657.jhtml,1162.32,224.32,560.1,377.9,0.0,15.0,2026-02-09,True,True,1162.32,14.0,True,-39.58,0.97
河南省,2026-02,2026-01-22,35.0,284.11,485.61,804.72,https://www.celma.org.cn/dfzfxjh/69236.jhtml,804.72,35.0,284.11,485.61,0.0,12.0,2026-02-05,True,True,804.72,10.0,False,0.0,1.0
浙江省,2026-02,2026-01-21,0.0,200.0,0.0,200.0,https://www.celma.org.cn/dfzfxjh/67675.jhtml,492.47,0.0,492.47,0.0,0.0,5.0,2026-02-10,True,True,492.47,14.0,False,292.47,2.46
海南省,2026-02,2026-01-20,30.0,50.0,100.0,180.0,https://www.celma.org.cn/dfzfxjh/67661.jhtml,259.4,15.0,125.96,118.44,0.0,8.0,2026-02-05,True,True,259.4,12.0,True,79.4,1.44
深圳市,2026-02,2025-12-19,0.0,0.0,0.0,0.0,https://www.celma.org.cn/dfzfxjh/67448.jhtml,50.15,0.0,50.15,0.0,0.0,5.0,2026-02-11,True,True,50.15,37.0,True,50.15,
湖北省,2026-02,2026-01-20,252.0,100.0,165.0,517.0,https://www.celma.org.cn/dfzfxjh/67658.jhtml,453.09,221.19,65.94,165.96,0.0,10.0,2026-02-02,True,True,453.09,9.0,True,-63.91,0.88
湖南省,2026-02,2026-01-08,0.0,0.0,0.0,0.0,https://www.celma.org.cn/dfzfxjh/67539.jhtml,1395.25,204.72,603.9,586.63,0.0,12.0,2026-02-09,True,True,1395.25,22.0,True,1395.25,
甘肃省,2026-02,2026-01-20,0.0,0.0,0.0,0.0,https://www.celma.org.cn/dfzfxjh/67659.jhtml,,,,,,,,True,False,,,True,,
福建省,2026-02,2026-01-12,80.58,46.0,0.0,126.58,https://www.celma.org.cn/dfzfxjh/67567.jhtml,126.58,80.58,46.0,0.0,0.0,2.0,2026-02-02,True,True,126.58,15.0,True,0.0,1.0
西藏自治区,2026-02,,,,,,,93.34,0.0,0.0,93.34,0.0,1.0,2026-02-05,False,True,93.34,,,,
贵州省,2026-02,2026-01-20,0.0,0.0,0.0,0.0,https://www.celma.org.cn/dfzfxjh/67645.jhtml,,,,,,,,True,False,,,True,,
辽宁省,2026-02,2026-03-06,43.6,73.88,367.82,485.3,https://www.celma.org.cn/dfzfxjh/68145.jhtml,485.3,43.6,73.88,367.82,0.0,6.0,2026-02-05,True,True,485.3,-17.0,False,0.0,1.0
重庆市,2026-02,2026-01-26,0.0,0.0,333.95,333.95,https://www.celma.org.cn/dfzfxjh/67773.jhtml,491.56,0.0,135.61,355.95,0.0,9.0,2026-02-02,True,True,491.56,5.0,False,157.61,1.47
陕西省,2026-02,2026-01-13,45.0,50.0,98.88,193.88,https://www.celma.org.cn/dfzfxjh/67601.jhtml,24.26,19.19,5.07,0.0,0.0,2.0,2026-02-09,True,True,24.26,19.0,True,-169.62,0.13
青岛市,2026-02,2026-05-15,3.0,52.9,3.0,58.9,https://www.celma.org.cn/dfzfxjh/68860.jhtml,58.9,3.0,52.9,3.0,0.0,7.0,2026-02-04,True,True,58.9,-65.0,False,0.0,1.0
黑龙江省,2026-02,2026-01-14,0.0,0.0,0.0,0.0,https://www.celma.org.cn/dfzfxjh/67614.jhtml,,,,,,,,True,False,,,True,,
上海市,2026-03,2026-03-10,0.0,368.68,0.0,368.68,https://www.celma.org.cn/dfzfxjh/68171.jhtml,368.68,0.0,368.68,0.0,0.0,13.0,2026-03-27,True,True,368.68,13.0,False,0.0,1.0
云南省,2026-03,2026-05-21,0.0,75.04,261.6,336.64,https://www.celma.org.cn/dfzfxjh/69011.jhtml,336.64,0.0,75.04,261.6,0.0,5.0,2026-03-12,True,True,336.64,-47.0,False,-0.0,1.0
内蒙古自治区,2026-03,2026-02-04,0.0,0.0,,0.0,https://www.celma.org.cn/dfzfxjh/67906.jhtml,785.42,0.0,0.0,785.42,0.0,4.0,2026-03-02,True,True,785.42,14.0,True,785.42,
北京市,2026-03,2026-02-11,0.0,0.0,147.4,147.4,https://www.celma.org.cn/dfzfxjh/67989.jhtml,147.4,0.0,0.0,147.4,0.0,7.0,2026-03-23,True,True,147.4,24.0,True,0.0,1.0
吉林省,2026-03,2026-02-12,59.0,71.0,639.18,769.18,https://www.celma.org.cn/dfzfxjh/67993.jhtml,732.75,18.58,75.0,639.17,0.0,8.0,2026-03-26,True,True,732.75,26.0,True,-36.43,0.95
四川省,2026-03,2026-02-10,0.0,400.0,337.0,737.0,https://www.celma.org.cn/dfzfxjh/67982.jhtml,989.53,20.9,259.22,709.41,0.0,13.0,2026-03-19,True,True,989.53,23.0,True,252.53,1.34
大连市,2026-03,2026-04-17,0.0,57.86,16.2,74.06,https://www.celma.org.cn/dfzfxjh/68609.jhtml,74.06,0.0,57.86,16.2,0.0,6.0,2026-03-16,True,True,74.06,-23.0,False,0.0,1.0
天津市,2026-03,2026-03-05,0.0,0.3,157.67,157.97,https://www.celma.org.cn/dfzfxjh/68130.jhtml,157.98,0.0,0.3,157.68,0.0,7.0,2026-03-12,True,True,157.98,5.0,False,0.01,1.0
宁夏回族自治区,2026-03,2026-03-19,0.0,0.0,38.96,38.96,https://www.celma.org.cn/dfzfxjh/68307.jhtml,38.96,0.0,0.0,38.96,0.0,1.0,2026-03-25,True,True,38.96,4.0,False,0.0,1.0
宁波市,2026-03,2026-02-15,0.0,0.0,0.0,0.0,https://www.celma.org.cn/dfzfxjh/68046.jhtml,,,,,,,,True,False,,,True,,
安徽省,2026-03,2026-02-13,0.0,150.36,143.05,293.41,https://www.celma.org.cn/dfzfxjh/68025.jhtml,290.19,0.0,147.13,143.06,0.0,9.0,2026-03-19,True,True,290.19,20.0,True,-3.22,0.99
山东省,2026-03,2026-03-19,0.0,138.15,423.88,562.03,https://www.celma.org.cn/dfzfxjh/68322.jhtml,562.03,0.0,138.15,423.88,0.0,16.0,2026-03-03,True,True,562.03,-12.0,False,0.0,1.0
山西省,2026-03,2026-02-06,24.0,56.0,0.0,80.0,https://www.celma.org.cn/dfzfxjh/67927.jhtml,62.04,7.5,47.3,7.24,0.0,7.0,2026-03-23,True,True,62.04,27.0,True,-17.96,0.78
广东省,2026-03,2026-03-17,47.92,643.54,228.37,919.83,https://www.celma.org.cn/dfzfxjh/68268.jhtml,919.83,47.92,643.54,228.37,0.0,9.0,2026-03-03,True,True,919.83,-10.0,False,-0.0,1.0
广西壮族自治区,2026-03,2026-02-14,31.36,194.0,342.87,568.23,https://www.celma.org.cn/dfzfxjh/68044.jhtml,236.87,0.0,44.0,192.87,0.0,4.0,2026-03-12,True,True,236.87,14.0,True,-331.36,0.42
新疆维吾尔自治区,2026-03,2026-03-12,10.29,2.4,102.32,115.01,https://www.celma.org.cn/dfzfxjh/68216.jhtml,115.01,10.29,2.4,102.32,0.0,6.0,2026-03-25,True,True,115.01,9.0,False,0.0,1.0
江苏省,2026-03,2026-02-12,0.0,550.0,0.0,550.0,https://www.celma.org.cn/dfzfxjh/68024.jhtml,396.61,0.0,396.61,0.0,0.0,2.0,2026-03-18,True,True,396.61,20.0,True,-153.39,0.72
江西省,2026-03,2026-02-24,0.0,0.0,0.0,0.0,https://www.celma.org.cn/dfzfxjh/68054.jhtml,167.82,0.0,65.88,101.94,0.0,7.0,2026-03-20,True,True,167.82,19.0,False,167.82,
河北省,2026-03,2026-02-13,0.0,0.0,352.76,352.76,https://www.celma.org.cn/dfzfxjh/68028.jhtml,473.94,0.0,0.0,473.94,0.0,4.0,2026-03-06,True,True,473.94,11.0,True,121.18,1.34
河南省,2026-03,2026-02-26,0.0,62.74,381.18,443.92,https://www.celma.org.cn/dfzfxjh/69237.jhtml,443.92,0.0,62.74,381.18,0.0,9.0,2026-03-05,True,True,443.92,6.0,False,0.0,1.0
浙江省,2026-03,2026-02-12,0.0,488.0,210.0,698.0,https://www.celma.org.cn/dfzfxjh/68023.jhtml,457.76,0.0,247.87,209.89,0.0,9.0,2026-03-24,True,True,457.76,24.0,True,-240.24,0.66
海南省,2026-03,2026-02-12,0.0,0.0,0.0,0.0,https://www.celma.org.cn/dfzfxjh/68013.jhtml,220.25,54.0,83.32,82.93,0.0,8.0,2026-03-26,True,True,220.25,26.0,True,220.25,
深圳市,2026-03,2025-12-19,0.0,150.0,13.86,163.86,https://www.celma.org.cn/dfzfxjh/67449.jhtml,21.97,0.0,0.0,21.97,0.0,1.0,2026-03-17,True,True,21.97,57.0,True,-141.89,0.13
湖北省,2026-03,2026-02-12,0.0,160.0,347.0,507.0,https://www.celma.org.cn/dfzfxjh/68014.jhtml,497.93,0.0,111.88,386.05,0.0,7.0,2026-03-17,True,True,497.93,19.0,True,-9.07,0.98
湖南省,2026-03,2026-02-12,0.0,0.0,0.0,0.0,https://www.celma.org.cn/dfzfxjh/68009.jhtml,,,,,,,,True,False,,,True,,
甘肃省,2026-03,2026-02-12,106.82,80.0,360.0,546.82,https://www.celma.org.cn/dfzfxjh/68012.jhtml,477.05,106.82,146.53,223.7,0.0,11.0,2026-03-17,True,True,477.05,19.0,True,-69.77,0.87
福建省,2026-03,2026-02-09,0.0,0.0,449.76,449.76,https://www.celma.org.cn/dfzfxjh/67948.jhtml,511.56,0.0,61.8,449.76,0.0,4.0,2026-03-05,True,True,511.56,14.0,True,61.8,1.14
贵州省,2026-03,2026-02-13,0.0,0.0,598.44,598.44,https://www.celma.org.cn/dfzfxjh/68030.jhtml,298.44,0.0,0.0,298.44,0.0,3.0,2026-03-23,True,True,298.44,22.0,True,-300.0,0.5
辽宁省,2026-03,2026-03-25,13.4,46.5,87.2,147.1,https://www.celma.org.cn/dfzfxjh/68401.jhtml,147.1,13.4,46.5,87.2,0.0,6.0,2026-03-17,True,True,147.1,-6.0,False,0.0,1.0
重庆市,2026-03,2026-02-26,4.5,139.0,196.43,339.93,https://www.celma.org.cn/dfzfxjh/68072.jhtml,332.17,4.5,131.24,196.43,0.0,8.0,2026-03-19,True,True,332.17,16.0,False,-7.76,0.98
陕西省,2026-03,2026-02-09,50.0,25.0,363.43,438.43,https://www.celma.org.cn/dfzfxjh/67953.jhtml,92.33,17.58,11.32,63.43,0.0,5.0,2026-03-20,True,True,92.33,25.0,True,-346.1,0.21
青岛市,2026-03,2026-05-15,2.1,37.2,139.59,178.89,https://www.celma.org.cn/dfzfxjh/68861.jhtml,178.89,2.1,37.2,139.59,0.0,12.0,2026-03-10,True,True,178.89,-45.0,False,0.0,1.0
青海省,2026-03,2026-02-10,40.0,21.84,20.0,81.84,https://www.celma.org.cn/dfzfxjh/67974.jhtml,1800.54,880.0,480.54,440.0,0.0,4.0,2026-03-10,True,True,1800.54,16.0,True,1718.7,22.0
黑龙江省,2026-03,2026-02-10,173.93,105.43,0.0,279.36,https://www.celma.org.cn/dfzfxjh/67977.jhtml,225.85,151.85,74.0,0.0,0.0,5.0,2026-03-10,True,True,225.85,16.0,True,-53.51,0.81
上海市,2026-04,2026-04-16,0.0,303.51,0.0,303.51,https://www.celma.org.cn/dfzfxjh/68576.jhtml,303.51,0.0,303.51,0.0,0.0,4.0,2026-04-27,True,True,303.51,7.0,False,0.0,1.0
云南省,2026-04,2026-04-07,0.0,0.0,300.0,300.0,https://www.celma.org.cn/dfzfxjh/68477.jhtml,503.25,126.35,0.0,376.9,0.0,6.0,2026-04-14,True,True,503.25,5.0,False,203.25,1.68
内蒙古自治区,2026-04,2026-03-20,100.0,30.0,117.25,247.25,https://www.celma.org.cn/dfzfxjh/68347.jhtml,117.24,0.0,0.0,117.24,0.0,2.0,2026-04-22,True,True,117.24,22.0,True,-130.01,0.47
北京市,2026-04,2026-03-20,0.0,199.46,0.0,199.46,https://www.celma.org.cn/dfzfxjh/68362.jhtml,160.31,0.0,160.31,0.0,0.0,8.0,2026-04-27,True,True,160.31,25.0,True,-39.15,0.8
吉林省,2026-04,2026-03-19,0.0,50.0,46.28,96.28,https://www.celma.org.cn/dfzfxjh/68315.jhtml,141.27,60.0,34.99,46.28,0.0,9.0,2026-04-29,True,True,141.27,28.0,True,44.99,1.47
四川省,2026-04,2026-03-16,0.0,0.0,137.0,137.0,https://www.celma.org.cn/dfzfxjh/68257.jhtml,137.94,0.0,0.0,137.94,0.0,2.0,2026-04-24,True,True,137.94,28.0,True,0.94,1.01
大连市,2026-04,2026-04-21,0.0,0.0,29.28,29.28,https://www.celma.org.cn/dfzfxjh/68663.jhtml,29.28,0.0,0.0,29.28,0.0,2.0,2026-04-28,True,True,29.28,5.0,False,0.0,1.0
天津市,2026-04,2026-04-21,15.88,8.06,374.48,398.42,https://www.celma.org.cn/dfzfxjh/68659.jhtml,398.42,15.88,8.06,374.48,0.0,10.0,2026-04-28,True,True,398.42,5.0,False,0.0,1.0
宁夏回族自治区,2026-04,2026-03-19,0.0,50.0,,50.0,https://www.celma.org.cn/dfzfxjh/68306.jhtml,32.51,0.0,32.51,0.0,0.0,5.0,2026-04-09,True,True,32.51,14.0,True,-17.49,0.65
宁波市,2026-04,2026-03-20,0.0,0.0,85.56,85.56,https://www.celma.org.cn/dfzfxjh/68345.jhtml,25.08,0.0,0.0,25.08,0.0,1.0,2026-04-03,True,True,25.08,10.0,True,-60.48,0.29
安徽省,2026-04,2026-03-20,0.0,170.0,360.0,530.0,https://www.celma.org.cn/dfzfxjh/68346.jhtml,245.32,80.95,164.37,0.0,0.0,11.0,2026-04-28,True,True,245.32,26.0,True,-284.68,0.46
山东省,2026-04,2026-03-19,0.0,200.0,145.0,345.0,https://www.celma.org.cn/dfzfxjh/68321.jhtml,418.81,7.23,190.61,220.97,0.0,12.0,2026-04-14,True,True,418.81,17.0,True,73.81,1.21
山西省,2026-04,2026-03-16,25.0,50.0,181.0,256.0,https://www.celma.org.cn/dfzfxjh/68267.jhtml,224.0,25.2,18.2,180.6,0.0,7.0,2026-04-23,True,True,224.0,27.0,True,-32.0,0.88
广东省,2026-04,,,,,,,145.79,0.0,145.79,0.0,0.0,2.0,2026-04-16,False,True,145.79,,,,
广西壮族自治区,2026-04,2026-03-20,107.21,150.0,150.0,407.21,https://www.celma.org.cn/dfzfxjh/68340.jhtml,407.21,107.21,150.0,150.0,0.0,7.0,2026-04-22,True,True,407.21,22.0,True,0.0,1.0
新疆维吾尔自治区,2026-04,2026-03-27,15.0,10.0,61.8,86.8,https://www.celma.org.cn/dfzfxjh/68443.jhtml,119.21,36.63,20.78,61.8,0.0,6.0,2026-04-23,True,True,119.21,18.0,False,32.41,1.37
江苏省,2026-04,2026-03-20,0.0,152.58,729.89,882.47,https://www.celma.org.cn/dfzfxjh/68343.jhtml,729.89,0.0,0.0,729.89,0.0,4.0,2026-04-23,True,True,729.89,23.0,True,-152.58,0.83
江西省,2026-04,2026-03-17,0.0,0.0,0.0,0.0,https://www.celma.org.cn/dfzfxjh/68273.jhtml,81.71,0.0,39.93,41.78,0.0,5.0,2026-04-24,True,True,81.71,27.0,True,81.71,
河北省,2026-04,2026-03-19,90.0,200.0,90.98,380.98,https://www.celma.org.cn/dfzfxjh/68314.jhtml,150.98,0.0,60.0,90.98,0.0,3.0,2026-04-13,True,True,150.98,16.0,True,-230.0,0.4
河南省,2026-04,2026-03-27,0.0,0.0,547.43,547.43,https://www.celma.org.cn/dfzfxjh/69238.jhtml,547.43,0.0,0.0,547.43,0.0,5.0,2026-04-01,True,True,547.43,3.0,False,0.0,1.0
浙江省,2026-04,2026-03-20,0.0,250.0,389.0,639.0,https://www.celma.org.cn/dfzfxjh/68341.jhtml,424.08,0.0,32.1,391.98,0.0,5.0,2026-04-10,True,True,424.08,14.0,True,-214.92,0.66
海南省,2026-04,2026-03-20,0.0,0.0,0.0,0.0,https://www.celma.org.cn/dfzfxjh/68338.jhtml,,,,,,,,True,False,,,True,,
深圳市,2026-04,2026-03-20,0.0,200.0,56.06,256.06,https://www.celma.org.cn/dfzfxjh/68332.jhtml,63.78,0.0,63.78,0.0,0.0,4.0,2026-04-03,True,True,63.78,10.0,True,-192.28,0.25
湖北省,2026-04,2026-03-19,0.0,50.0,145.0,195.0,https://www.celma.org.cn/dfzfxjh/68365.jhtml,181.69,0.0,64.05,117.64,0.0,8.0,2026-04-17,True,True,181.69,20.0,True,-13.31,0.93
湖南省,2026-04,2026-03-19,0.0,0.0,0.0,0.0,https://www.celma.org.cn/dfzfxjh/68308.jhtml,364.71,0.0,24.87,339.84,0.0,4.0,2026-04-07,True,True,364.71,12.0,True,364.71,
甘肃省,2026-04,2026-03-20,0.0,80.0,159.0,239.0,https://www.celma.org.cn/dfzfxjh/68348.jhtml,175.02,0.0,36.76,138.26,0.0,9.0,2026-04-23,True,True,175.02,23.0,True,-63.98,0.73
福建省,2026-04,2026-03-17,0.0,400.0,0.0,400.0,https://www.celma.org.cn/dfzfxjh/68269.jhtml,129.12,0.0,129.12,0.0,0.0,2.0,2026-04-08,True,True,129.12,15.0,True,-270.88,0.32
西藏自治区,2026-04,,,,,,,42.65,0.0,0.0,42.65,0.0,2.0,2026-04-27,False,True,42.65,,,,
贵州省,2026-04,2026-03-20,67.7,0.0,600.0,667.7,https://www.celma.org.cn/dfzfxjh/68342.jhtml,634.58,67.7,0.0,566.88,0.0,5.0,2026-04-09,True,True,634.58,13.0,True,-33.12,0.95
辽宁省,2026-04,2026-04-30,0.0,0.0,138.81,138.81,https://www.celma.org.cn/dfzfxjh/68747.jhtml,138.81,0.0,0.0,138.81,0.0,3.0,2026-04-16,True,True,138.81,-10.0,False,0.0,1.0
重庆市,2026-04,2026-03-20,0.0,0.0,293.35,293.35,https://www.celma.org.cn/dfzfxjh/68350.jhtml,293.35,0.0,0.0,293.35,0.0,2.0,2026-04-02,True,True,293.35,9.0,True,0.0,1.0
陕西省,2026-04,2026-03-13,0.0,0.0,0.0,0.0,https://www.celma.org.cn/dfzfxjh/68246.jhtml,240.91,12.83,31.95,196.13,0.0,10.0,2026-04-16,True,True,240.91,23.0,True,240.91,
青岛市,2026-04,2026-05-15,2.0,31.88,26.76,60.64,https://www.celma.org.cn/dfzfxjh/68862.jhtml,60.64,2.0,31.88,26.76,0.0,7.0,2026-04-16,True,True,60.64,-19.0,False,0.0,1.0
黑龙江省,2026-04,2026-03-17,0.0,0.0,444.47,444.47,https://www.celma.org.cn/dfzfxjh/68270.jhtml,444.48,0.0,0.0,444.48,0.0,3.0,2026-04-09,True,True,444.48,16.0,True,0.01,1.0
上海市,2026-05,2026-04-20,0.0,0.0,0.0,0.0,https://www.celma.org.cn/dfzfxjh/68626.jhtml,,,,,,,,True,False,,,True,,
云南省,2026-05,2026-05-21,0.0,0.0,763.5,763.5,https://www.celma.org.cn/dfzfxjh/69012.jhtml,763.5,0.0,0.0,763.5,0.0,8.0,2026-05-15,True,True,763.5,-4.0,False,0.0,1.0
内蒙古自治区,2026-05,2026-04-17,,,,,https://www.celma.org.cn/dfzfxjh/68617.jhtml,327.27,0.0,119.0,208.27,0.0,5.0,2026-05-20,True,True,327.27,21.0,True,,
北京市,2026-05,2026-04-10,0.0,0.0,0.0,0.0,https://www.celma.org.cn/dfzfxjh/68505.jhtml,,,,,,,,True,False,,,True,,
厦门市,2026-05,2026-04-17,0.0,0.0,18.0,18.0,https://www.celma.org.cn/dfzfxjh/68605.jhtml,18.75,0.0,0.0,18.75,0.0,2.0,2026-05-14,True,True,18.75,17.0,True,0.75,1.04
四川省,2026-05,2026-04-10,30.0,200.0,215.0,445.0,https://www.celma.org.cn/dfzfxjh/68502.jhtml,351.96,30.0,106.66,215.3,0.0,9.0,2026-05-28,True,True,351.96,32.0,True,-93.04,0.79
大连市,2026-05,2026-05-25,0.0,0.0,20.59,20.59,https://www.celma.org.cn/dfzfxjh/69044.jhtml,20.59,0.0,0.0,20.59,0.0,2.0,2026-05-27,True,True,20.59,2.0,False,0.0,1.0
天津市,2026-05,2026-05-19,9.55,8.8,402.88,421.23,https://www.celma.org.cn/dfzfxjh/68934.jhtml,421.23,9.55,8.8,402.88,0.0,13.0,2026-05-26,True,True,421.23,5.0,False,0.0,1.0
宁夏回族自治区,2026-05,2026-05-25,0.0,17.14,30.76,47.9,https://www.celma.org.cn/dfzfxjh/69053.jhtml,47.9,0.0,17.14,30.76,0.0,6.0,2026-05-15,True,True,47.9,-6.0,False,-0.0,1.0
宁波市,2026-05,2026-04-20,0.0,0.0,129.23,129.23,https://www.celma.org.cn/dfzfxjh/68628.jhtml,129.23,0.0,0.0,129.23,0.0,2.0,2026-05-22,True,True,129.23,22.0,True,0.0,1.0
安徽省,2026-05,2026-04-20,0.0,235.0,748.81,983.81,https://www.celma.org.cn/dfzfxjh/68625.jhtml,945.42,0.0,196.61,748.81,0.0,13.0,2026-05-26,True,True,945.42,24.0,True,-38.39,0.96
山东省,2026-05,2026-04-14,30.0,173.0,158.09,361.09,https://www.celma.org.cn/dfzfxjh/68544.jhtml,350.15,22.8,93.5,233.85,0.0,12.0,2026-05-25,True,True,350.15,27.0,True,-10.94,0.97
山西省,2026-05,2026-04-07,25.0,50.0,0.0,75.0,https://www.celma.org.cn/dfzfxjh/68471.jhtml,62.0,12.8,49.2,0.0,0.0,7.0,2026-05-27,True,True,62.0,34.0,True,-13.0,0.83
广东省,2026-05,2026-05-29,0.0,0.0,291.6,291.6,https://www.celma.org.cn/dfzfxjh/69119.jhtml,377.53,0.0,0.0,377.53,0.0,5.0,2026-05-26,True,True,377.53,-3.0,False,85.93,1.29
广西壮族自治区,2026-05,2026-04-16,0.0,50.0,98.93,148.93,https://www.celma.org.cn/dfzfxjh/68587.jhtml,148.93,0.0,50.0,98.93,0.0,4.0,2026-05-25,True,True,148.93,25.0,True,0.0,1.0
新疆生产建设兵团,2026-05,2026-05-21,35.62,31.0,0.0,66.62,https://www.celma.org.cn/dfzfxjh/69000.jhtml,66.62,35.62,31.0,0.0,0.0,4.0,2026-05-21,True,True,66.62,0.0,False,0.0,1.0
新疆维吾尔自治区,2026-05,2026-04-27,50.0,50.0,0.0,100.0,https://www.celma.org.cn/dfzfxjh/68726.jhtml,46.89,10.13,36.76,0.0,0.0,9.0,2026-05-11,True,True,46.89,8.0,False,-53.11,0.47
江苏省,2026-05,2026-04-20,0.0,152.58,511.0,663.58,https://www.celma.org.cn/dfzfxjh/68633.jhtml,711.0,0.0,0.0,711.0,0.0,3.0,2026-05-26,True,True,711.0,24.0,True,47.42,1.07
江西省,2026-05,2026-04-17,0.0,0.0,0.0,0.0,https://www.celma.org.cn/dfzfxjh/68604.jhtml,25.84,0.0,25.84,0.0,0.0,5.0,2026-05-27,True,True,25.84,26.0,True,25.84,
河北省,2026-05,2026-04-20,0.0,500.0,122.35,622.35,https://www.celma.org.cn/dfzfxjh/68627.jhtml,386.5,70.0,193.55,122.95,0.0,7.0,2026-05-15,True,True,386.5,17.0,True,-235.85,0.62
河南省,2026-05,2026-04-30,28.52,122.08,501.74,652.34,https://www.celma.org.cn/dfzfxjh/69239.jhtml,652.34,28.52,122.08,501.74,0.0,14.0,2026-05-14,True,True,652.34,8.0,False,0.0,1.0
浙江省,2026-05,2026-04-20,0.0,300.0,179.0,479.0,https://www.celma.org.cn/dfzfxjh/68624.jhtml,311.25,0.0,132.73,178.52,0.0,9.0,2026-05-21,True,True,311.25,21.0,True,-167.75,0.65
海南省,2026-05,2026-04-20,0.0,0.0,0.0,0.0,https://www.celma.org.cn/dfzfxjh/68622.jhtml,,,,,,,,True,False,,,True,,
深圳市,2026-05,2026-03-20,0.0,0.0,0.0,0.0,https://www.celma.org.cn/dfzfxjh/68335.jhtml,171.0,0.0,114.94,56.06,0.0,9.0,2026-05-21,True,True,171.0,41.0,True,171.0,
湖北省,2026-05,2026-03-23,0.0,150.0,303.0,453.0,https://www.celma.org.cn/dfzfxjh/68366.jhtml,448.06,0.0,56.95,391.11,0.0,6.0,2026-05-12,True,True,448.06,33.0,True,-4.94,0.99
湖南省,2026-05,2026-04-09,0.0,0.0,0.0,0.0,https://www.celma.org.cn/dfzfxjh/68491.jhtml,34.12,0.0,34.12,0.0,0.0,2.0,2026-05-26,True,True,34.12,31.0,True,34.12,
甘肃省,2026-05,2026-04-16,0.0,100.0,37.0,137.0,https://www.celma.org.cn/dfzfxjh/68586.jhtml,,,,,,,,True,False,,,True,,
福建省,2026-05,2026-04-20,0.0,300.0,0.0,300.0,https://www.celma.org.cn/dfzfxjh/68621.jhtml,108.81,0.0,108.81,0.0,0.0,2.0,2026-05-08,True,True,108.81,11.0,True,-191.19,0.36
贵州省,2026-05,2026-04-20,0.0,0.0,249.83,249.83,https://www.celma.org.cn/dfzfxjh/68639.jhtml,249.83,0.0,0.0,249.83,0.0,1.0,2026-05-19,True,True,249.83,19.0,True,0.0,1.0
辽宁省,2026-05,2026-05-20,0.0,33.82,102.05,135.87,https://www.celma.org.cn/dfzfxjh/68964.jhtml,135.87,0.0,33.82,102.05,0.0,6.0,2026-05-12,True,True,135.87,-6.0,False,0.0,1.0
重庆市,2026-05,2026-04-27,9.0,27.0,298.66,334.66,https://www.celma.org.cn/dfzfxjh/68727.jhtml,335.0,9.0,27.34,298.66,0.0,8.0,2026-05-08,True,True,335.0,6.0,False,0.34,1.0
陕西省,2026-05,2026-04-07,19.35,25.9,109.15,154.4,https://www.celma.org.cn/dfzfxjh/68473.jhtml,131.11,10.23,11.0,109.88,0.0,7.0,2026-05-18,True,True,131.11,27.0,True,-23.29,0.85
青岛市,2026-05,2026-06-10,0.0,35.52,149.53,185.05,https://www.celma.org.cn/dfzfxjh/69267.jhtml,185.05,0.0,35.52,149.53,0.0,13.0,2026-05-06,True,True,185.05,-26.0,False,0.0,1.0
青海省,2026-05,2026-04-16,16.0,2.53,170.97,189.5,https://www.celma.org.cn/dfzfxjh/68567.jhtml,169.56,16.0,2.58,150.98,0.0,4.0,2026-05-19,True,True,169.56,21.0,True,-19.94,0.89
黑龙江省,2026-05,2026-04-15,0.0,0.0,0.0,0.0,https://www.celma.org.cn/dfzfxjh/68552.jhtml,,,,,,,,True,False,,,True,,
上海市,2026-06,2026-05-20,0.0,0.0,0.0,0.0,https://www.celma.org.cn/dfzfxjh/68959.jhtml,,,,,,,,True,False,,,True,,
云南省,2026-06,2026-06-05,0.0,48.87,0.0,48.87,https://www.celma.org.cn/dfzfxjh/69186.jhtml,262.47,0.0,262.47,0.0,0.0,5.0,2026-06-12,True,True,262.47,5.0,False,213.6,5.37
内蒙古自治区,2026-06,2026-05-19,,,,,https://www.celma.org.cn/dfzfxjh/68933.jhtml,589.12,108.52,0.0,480.6,0.0,6.0,2026-06-05,True,True,589.12,13.0,True,,
北京市,2026-06,2026-05-19,0.0,235.51,488.36,723.87,https://www.celma.org.cn/dfzfxjh/68932.jhtml,546.55,0.0,58.2,488.35,0.0,17.0,2026-06-11,True,True,546.55,17.0,True,-177.32,0.76
厦门市,2026-06,,,,,,,91.0,0.0,91.0,0.0,0.0,7.0,2026-06-29,False,True,91.0,,,,
吉林省,2026-06,2026-05-19,6.26,48.46,79.25,133.97,https://www.celma.org.cn/dfzfxjh/69022.jhtml,132.43,6.26,46.92,79.25,0.0,6.0,2026-06-16,True,True,132.43,20.0,True,-1.54,0.99
四川省,2026-06,2026-05-07,9.9,0.0,345.61,355.51,https://www.celma.org.cn/dfzfxjh/68774.jhtml,379.23,0.0,69.19,310.04,0.0,9.0,2026-06-15,True,True,379.23,28.0,True,23.72,1.07
大连市,2026-06,2026-06-26,8.0,86.3,0.0,94.3,https://www.celma.org.cn/dfzfxjh/69521.jhtml,94.3,8.0,86.3,0.0,0.0,9.0,2026-06-25,True,True,94.3,-1.0,False,0.0,1.0
天津市,2026-06,2026-06-30,0.0,0.0,0.0,0.0,https://www.celma.org.cn/dfzfxjh/69609.jhtml,,,,,,,,True,False,,,False,,
宁夏回族自治区,2026-06,2026-05-25,24.0,13.51,39.6,77.11,https://www.celma.org.cn/dfzfxjh/69054.jhtml,77.11,24.0,13.51,39.6,0.0,6.0,2026-06-09,True,True,77.11,11.0,False,0.0,1.0
宁波市,2026-06,2026-05-20,0.0,0.0,0.0,0.0,https://www.celma.org.cn/dfzfxjh/68955.jhtml,98.7,0.0,98.7,0.0,0.0,5.0,2026-06-26,True,True,98.7,26.0,True,98.7,
安徽省,2026-06,2026-05-19,0.0,340.0,419.04,759.04,https://www.celma.org.cn/dfzfxjh/68908.jhtml,692.55,0.0,273.51,419.04,0.0,17.0,2026-06-16,True,True,692.55,20.0,True,-66.49,0.91
山东省,2026-06,2026-05-18,30.0,190.0,289.54,509.54,https://www.celma.org.cn/dfzfxjh/68899.jhtml,350.0,0.0,242.33,107.67,0.0,16.0,2026-06-17,True,True,350.0,22.0,True,-159.54,0.69
山西省,2026-06,2026-05-11,25.0,50.0,155.0,230.0,https://www.celma.org.cn/dfzfxjh/68798.jhtml,390.2,4.6,275.2,110.4,0.0,10.0,2026-06-30,True,True,390.2,35.0,True,160.2,1.7
广东省,2026-06,2026-06-18,0.0,707.5,85.93,793.43,https://www.celma.org.cn/dfzfxjh/69424.jhtml,707.5,0.0,707.5,0.0,0.0,5.0,2026-06-12,True,True,707.5,-4.0,False,-85.93,0.89
广西壮族自治区,2026-06,2026-05-18,20.0,225.0,0.0,245.0,https://www.celma.org.cn/dfzfxjh/68888.jhtml,225.0,0.0,225.0,0.0,0.0,3.0,2026-06-22,True,True,225.0,24.0,True,-20.0,0.92
新疆生产建设兵团,2026-06,2026-07-01,12.38,38.0,0.0,50.38,https://www.celma.org.cn/dfzfxjh/69638.jhtml,50.38,12.38,38.0,0.0,0.0,5.0,2026-06-30,True,True,50.38,-1.0,False,-0.0,1.0
新疆维吾尔自治区,2026-06,2026-05-22,100.0,50.0,0.0,150.0,https://www.celma.org.cn/dfzfxjh/69035.jhtml,385.61,28.72,356.89,0.0,0.0,9.0,2026-06-11,True,True,385.61,14.0,False,235.61,2.57
江苏省,2026-06,2026-05-20,0.0,152.58,500.0,652.58,https://www.celma.org.cn/dfzfxjh/68984.jhtml,1235.24,0.0,235.24,1000.0,0.0,7.0,2026-06-05,True,True,1235.24,12.0,True,582.66,1.89
江西省,2026-06,2026-05-18,0.0,0.0,0.0,0.0,https://www.celma.org.cn/dfzfxjh/68874.jhtml,165.44,0.0,0.0,165.44,0.0,4.0,2026-06-11,True,True,165.44,18.0,True,165.44,
河北省,2026-06,2026-05-19,160.0,450.0,56.34,666.34,https://www.celma.org.cn/dfzfxjh/68906.jhtml,555.03,121.11,377.58,56.34,0.0,9.0,2026-06-12,True,True,555.03,18.0,True,-111.31,0.83
河南省,2026-06,,,,,,,253.73,0.0,152.29,101.44,0.0,11.0,2026-06-18,False,True,253.73,,,,
浙江省,2026-06,2026-05-20,0.0,354.0,10.0,364.0,https://www.celma.org.cn/dfzfxjh/68951.jhtml,621.6,56.75,554.65,10.2,0.0,6.0,2026-06-29,True,True,621.6,27.0,True,257.6,1.71
海南省,2026-06,2026-05-19,14.3,56.7,70.0,141.0,https://www.celma.org.cn/dfzfxjh/68935.jhtml,187.88,25.0,93.15,69.73,0.0,10.0,2026-06-25,True,True,187.88,26.0,True,46.88,1.33
深圳市,2026-06,2026-03-20,0.0,269.85,0.0,269.85,https://www.celma.org.cn/dfzfxjh/68334.jhtml,251.2,0.0,251.2,0.0,0.0,18.0,2026-06-18,True,True,251.2,61.0,True,-18.65,0.93
湖北省,2026-06,2026-03-23,0.0,150.0,312.0,462.0,https://www.celma.org.cn/dfzfxjh/68367.jhtml,747.86,0.0,356.04,391.82,0.0,15.0,2026-06-09,True,True,747.86,53.0,True,285.86,1.62
湖南省,2026-06,2026-05-14,0.0,0.0,0.0,0.0,https://www.celma.org.cn/dfzfxjh/68836.jhtml,442.84,0.0,78.11,364.73,0.0,4.0,2026-06-05,True,True,442.84,16.0,True,442.84,
甘肃省,2026-06,2026-05-19,0.0,23.5,210.0,233.5,https://www.celma.org.cn/dfzfxjh/68938.jhtml,265.71,0.0,57.14,208.57,0.0,11.0,2026-06-02,True,True,265.71,10.0,True,32.21,1.14
福建省,2026-06,2026-05-18,0.0,221.0,314.43,535.43,https://www.celma.org.cn/dfzfxjh/68870.jhtml,521.31,0.0,206.88,314.43,0.0,9.0,2026-06-04,True,True,521.31,13.0,True,-14.12,0.97
贵州省,2026-06,2026-05-20,30.0,200.0,0.0,230.0,https://www.celma.org.cn/dfzfxjh/68971.jhtml,,,,,,,,True,False,,,True,,
重庆市,2026-06,2026-05-20,0.0,0.0,100.38,100.38,https://www.celma.org.cn/dfzfxjh/68953.jhtml,229.12,0.0,128.74,100.38,0.0,7.0,2026-06-02,True,True,229.12,9.0,True,128.74,2.28
陕西省,2026-06,2026-05-09,0.0,0.0,0.0,0.0,https://www.celma.org.cn/dfzfxjh/68789.jhtml,131.22,14.8,60.54,55.88,0.0,7.0,2026-06-26,True,True,131.22,34.0,True,131.22,
青岛市,2026-06,,,,,,,89.2,2.0,87.2,0.0,0.0,8.0,2026-06-29,False,True,89.2,,,,
青海省,2026-06,2026-05-18,0.0,0.0,0.0,0.0,https://www.celma.org.cn/dfzfxjh/68891.jhtml,,,,,,,,True,False,,,True,,
黑龙江省,2026-06,2026-05-18,0.0,50.83,8.82,59.65,https://www.celma.org.cn/dfzfxjh/68875.jhtml,59.66,0.0,50.84,8.82,0.0,9.0,2026-06-16,True,True,59.66,21.0,True,0.01,1.0
上海市,2026-07,2026-06-22,0.0,0.0,0.0,0.0,https://www.celma.org.cn/dfzfxjh/69431.jhtml,,,,,,,,True,False,,,False,,
云南省,2026-07,2026-07-08,0.0,156.4,0.0,156.4,https://www.celma.org.cn/dfzfxjh/69708.jhtml,,,,,,,,True,False,,,False,,
内蒙古自治区,2026-07,2026-06-16,0.0,0.0,0.0,0.0,https://www.celma.org.cn/dfzfxjh/69343.jhtml,,,,,,,,True,False,,,True,,
北京市,2026-07,2026-06-15,0.0,177.31,0.0,177.31,https://www.celma.org.cn/dfzfxjh/69327.jhtml,,,,,,,,True,False,,,True,,
四川省,2026-07,2026-06-11,0.0,0.0,205.0,205.0,https://www.celma.org.cn/dfzfxjh/69299.jhtml,,,,,,,,True,False,,,True,,
天津市,2026-07,2026-06-30,17.51,22.19,156.22,195.92,https://www.celma.org.cn/dfzfxjh/69587.jhtml,195.92,17.51,22.19,156.22,0.0,13.0,2026-07-07,True,True,195.92,5.0,False,0.0,1.0
宁夏回族自治区,2026-07,2026-07-10,0.0,0.0,0.0,0.0,https://www.celma.org.cn/dfzfxjh/69722.jhtml,,,,,,,,True,False,,,False,,
宁波市,2026-07,2026-06-18,0.0,0.0,60.48,60.48,https://www.celma.org.cn/dfzfxjh/69416.jhtml,,,,,,,,True,False,,,True,,
安徽省,2026-07,2026-06-18,55.95,300.0,0.0,355.95,https://www.celma.org.cn/dfzfxjh/69384.jhtml,,,,,,,,True,False,,,True,,
山东省,2026-07,2026-06-18,50.0,250.0,130.0,430.0,https://www.celma.org.cn/dfzfxjh/69409.jhtml,73.14,0.0,0.0,73.14,0.0,3.0,2026-07-15,True,True,73.14,18.0,True,-356.86,0.17
山西省,2026-07,,,,,,,31.3,31.3,0.0,0.0,0.0,1.0,2026-07-10,False,True,31.3,,,,
广西壮族自治区,2026-07,2026-06-18,50.0,0.0,0.0,50.0,https://www.celma.org.cn/dfzfxjh/69418.jhtml,,,,,,,,True,False,,,True,,
新疆维吾尔自治区,2026-07,2026-06-26,21.0,42.0,13.4,76.4,https://www.celma.org.cn/dfzfxjh/69526.jhtml,,,,,,,,True,False,,,False,,
江苏省,2026-07,2026-06-18,129.0,200.0,421.74,750.74,https://www.celma.org.cn/dfzfxjh/69420.jhtml,,,,,,,,True,False,,,True,,
河北省,2026-07,2026-06-18,0.0,180.0,189.3,369.3,https://www.celma.org.cn/dfzfxjh/69421.jhtml,69.68,0.0,0.0,69.68,0.0,2.0,2026-07-17,True,True,69.68,20.0,True,-299.62,0.19
浙江省,2026-07,2026-06-17,0.0,300.0,334.0,634.0,https://www.celma.org.cn/dfzfxjh/69371.jhtml,,,,,,,,True,False,,,True,,
海南省,2026-07,2026-06-17,0.0,0.0,0.0,0.0,https://www.celma.org.cn/dfzfxjh/69374.jhtml,,,,,,,,True,False,,,True,,
深圳市,2026-07,2026-06-18,0.0,150.0,0.0,150.0,https://www.celma.org.cn/dfzfxjh/69390.jhtml,,,,,,,,True,False,,,True,,
湖北省,2026-07,2026-06-18,172.2,400.0,183.0,755.2,https://www.celma.org.cn/dfzfxjh/69399.jhtml,,,,,,,,True,False,,,True,,
湖南省,2026-07,2026-06-16,0.0,0.0,0.0,0.0,https://www.celma.org.cn/dfzfxjh/69346.jhtml,,,,,,,,True,False,,,True,,
甘肃省,2026-07,2026-06-17,75.0,115.0,40.0,230.0,https://www.celma.org.cn/dfzfxjh/69375.jhtml,,,,,,,,True,False,,,True,,
福建省,2026-07,2026-06-18,0.0,0.0,32.69,32.69,https://www.celma.org.cn/dfzfxjh/69385.jhtml,32.69,0.0,0.0,32.69,0.0,1.0,2026-07-07,True,True,32.69,12.0,True,-0.0,1.0
西藏自治区,2026-07,,,,,,,108.33,83.43,24.9,0.0,0.0,10.0,2026-07-02,False,True,108.33,,,,
贵州省,2026-07,2026-06-17,39.77,200.0,0.0,239.77,https://www.celma.org.cn/dfzfxjh/69361.jhtml,,,,,,,,True,False,,,True,,
重庆市,2026-07,2026-06-19,0.0,150.0,20.0,170.0,https://www.celma.org.cn/dfzfxjh/69435.jhtml,,,,,,,,True,False,,,True,,
陕西省,2026-07,2026-06-08,0.0,0.0,0.0,0.0,https://www.celma.org.cn/dfzfxjh/69228.jhtml,,,,,,,,True,False,,,True,,
青海省,2026-07,2026-06-26,0.0,0.0,0.0,0.0,https://www.celma.org.cn/dfzfxjh/69504.jhtml,,,,,,,,True,False,,,False,,
黑龙江省,2026-07,2026-06-15,148.64,226.0,72.31,446.95,https://www.celma.org.cn/dfzfxjh/69321.jhtml,298.3,0.0,226.0,72.3,0.0,4.0,2026-07-07,True,True,298.3,15.0,True,-148.65,0.67
宁夏回族自治区,2026-08,2026-07-10,35.0,20.0,68.84,123.84,https://www.celma.org.cn/dfzfxjh/69723.jhtml,,,,,,,,True,False,,,True,,
山东省,2026-08,2026-07-13,0.0,425.0,752.0,1177.0,https://www.celma.org.cn/dfzfxjh/69727.jhtml,,,,,,,,True,False,,,True,,
深圳市,2026-08,2026-06-18,0.0,0.0,0.0,0.0,https://www.celma.org.cn/dfzfxjh/69391.jhtml,,,,,,,,True,False,,,True,,
湖北省,2026-08,2026-06-18,0.0,400.0,109.6,509.6,https://www.celma.org.cn/dfzfxjh/69400.jhtml,,,,,,,,True,False,,,True,,
湖南省,2026-08,2026-07-10,0.0,0.0,0.0,0.0,https://www.celma.org.cn/dfzfxjh/69719.jhtml,,,,,,,,True,False,,,True,,
青海省,2026-08,2026-07-07,30.0,25.88,56.74,112.62,https://www.celma.org.cn/dfzfxjh/69696.jhtml,,,,,,,,True,False,,,True,,
深圳市,2026-09,2026-06-18,15.0,235.0,9.3,259.3,https://www.celma.org.cn/dfzfxjh/69392.jhtml,,,,,,,,True,False,,,True,,
湖北省,2026-09,2026-06-18,0.0,112.0,131.7,243.7,https://www.celma.org.cn/dfzfxjh/69401.jhtml,,,,,,,,True,False,,,True,,
湖北省,2026-10,2026-06-18,0.0,0.0,358.9,358.9,https://www.celma.org.cn/dfzfxjh/69402.jhtml,,,,,,,,True,False,,,True,,
湖北省,2026-11,2026-06-18,0.0,0.0,67.0,67.0,https://www.celma.org.cn/dfzfxjh/69403.jhtml,,,,,,,,True,False,,,True,,
